-9.443380356
63.98500061
42.5728
0
53.310365
0
36.001741
53.30970001
44.88079834
45.32249832
45.47060013
49.19390106
49.90999985
51.11389923
48.64690018
47.61859894
43.67720032
36.69100189
12.3532
5.6051898
9.006790161
4.8725
12.0476
6.577370167
13.4815
36.85100174
50.90140152
50.459202
50.63740158
52.380001
51.13280106
50.033333
52.13460159
53.63040161
50.86589813
51.289501
48.353802
49.498699
51.423889
48.68989944
52.5597
52.46110153
53.04750061
51.5182991
48.77939987
59.41329956
0
60.31719971
0
54.65750122
54.61809921
52.45389938
53.35369873
53.48053781
51.39670181
51.382702
53.33359909
51.87469864
50.77999878
50.95029831
51.148102
51.4706
53.86589813
55.03749847
52.83110046
57.20190048
55.87189865
55.95000076
52.67580032
51.88499832
50.7344017
52.40930176
52.36190033
51.68220139
51.75
52.308601
51.45009995
51.84130096
53.421299
52.702
55.74029922
55.61790085
57.09275891
49.6233333
67.26920319
60.29339981
60.19390106
69.6832962
63.4578018
58.87670135
54.37760162
50.077702
50.4743
52.451099
52.42100143
52.16569901
51.10269928
57.66279984
55.53630536
65.54380035
59.65190125
49.43690109
56.92359924
54.634102
-33.96480179
-34.0056
-26.1392
-29.61444444
-26.1392
-24.555201
-20.430201
-15.33080006
-18.7969
-8.85837
-25.920799
-4.67434
12.1337
-17.931801
-22.4799
-4.38575
12.5335
55.505694
0
28.626499
27.93190002
28.04450035
28.48270035
8.61644
6.23379
33.36750031
14.67
14.73970032
18.31
0
16.7414
8.977890015
30.12190056
27.17830086
25.671
-1.319239974
-4.034830093
32.66350174
-1.96863
4.872010231
15.58950043
-6.87811
-6.22202
0.042386
-0.373611
0
35.040199
38.810799
32.98759842
33.36989975
35.219398
33.6367
30.19449997
35.43619919
39.13610077
32.50180054
41.93889999
47.52999878
44.80739975
33.56290054
45.80770111
38.5452
40.47710037
36.12450027
43.5644
42.36429977
42.94049835
39.1754
33.93880081
33.64379883
35.03530121
32.89860153
41.88470078
41.4117012
35.2140007
39.998001
27.77039909
38.37310028
39.04880142
34.38280106
29.179899
32.847099
39.90240097
42.40200043
38.8521
39.86169815
32.896801
29.359501
46.84209824
39.12950134
41.5340004
42.21239853
32.42079926
34.905399
36.33919907
42.08312701
40.69250107
39.8260994
26.072599
35.33660126
32.819801
40.97850037
47.61989975
30.40730095
44.48509979
35.33940125
36.09780121
34.89569855
40.64810181
47.38660049
32.85250092
29.64539909
34.6371994
38.36669922
38.94449997
29.9843998
37.649899
39.7173
32.31119919
30.49410057
40.63980103
37.15179825
36.08010101
33.94250107
33.663601
39.813801
38.03649902
37.082901
30.20529938
40.77719879
34.72940063
34.667099
33.53499985
43.53290176
27.84930038
39.2976
28.42939949
41.785999
35.04240036
33.91540146
32.30059814
25.79319954
42.94720078
41.44850159
32.51089859
30.69120026
43.13990021
44.882
29.99340057
43.043598
37.721298
35.39310074
41.3032
34.05599976
41.9786
36.89459991
30.06959915
26.68320084
45.58869934
37.13190079
39.87189865
33.43429947
40.66419983
40.49150085
43.64619827
35.87760162
42.19540024
37.50519943
29.52969933
39.49909973
37.3255
43.1189003
43.90829849
26.53619957
32.73360062
29.53370094
32.12760162
41.70869827
38.1744
47.449001
28.77759933
37.61899948
37.24570084
37.362598
47.61510086
40.78839874
38.69540024
33.67570114
39.84410095
33.9888
27.39539909
33.97269821
38.748697
38.66210175
38.26269913
42.40259933
43.11119843
38.7303009
47.13769913
35.41469955
30.39649963
41.58679962
27.97550011
36.475201
36.19839859
32.11610031
35.81100082
34.73730087
30.4832
32.64009857
41.41469955
42.56959915
42.69669342
43.232101
34.87509918
34.7179985
34.590401
45.74290085
38.28219986
41.2971
40.471926
36.67490005
39.55170059
42.89630127
44.82830048
43.629101
45.725556
43.43927192
43.65840149
47.053299
49.012798
48.7233333
47.59
37.93640137
35.33969879
40.5196991
47.42976
41.138901
37.466801
38.175999
39.251499
45.6306
45.673901
45.200802
44.4133
45.445099
44.5354
45.648399
45.395699
45.505299
41.7994
41.8002778
40.886002
43.683899
46.223701
50.1008
32.01139832
29.94029999
35.857498
48.11029816
37.01440048
38.761799
37.74119949
41.24810028
38.7813
43.82460022
44.5711111
46.23809814
47.464699
40.12810135
36.98220062
36.898701
36.94720078
40.976898
38.29240036
36.71310043
39.95650101
40.99509811
37.85540009
37.25059891
40.89860153
41.961601
44.81840134
42.359402
48.17020035
0
18.56739998
18.42970085
14.5833
17.93569946
16.75709915
20.52179909
29.09589958
19.4363
25.7784996
20.68009949
23.15180016
32.54109955
21.03650093
9.071359634
10.5933
13.4409
22.98920059
23.03440094
19.2928009
0
25.03899956
17.53910065
-21.20269966
0
-17.553699
-37.0080986
-43.48939896
-41.32720184
26.27079964
26.47120094
26.26539993
21.6796
24.5534
24.95759964
35.41609955
35.68920135
36.23519897
29.53919983
38.13389969
31.72260094
29.22660065
33.82089996
19.501944
23.640556
24.43300056
25.25279999
24.896356
25.32859993
23.59329987
32.53555679
33.26250076
30.54910088
36.18069839
33.41149902
35.40110016
64.81510162
61.17440033
13.48340034
8.612203
18.182388
0
0
21.32062
33.560713
0
25.273056
24.4279
22.57710075
25.0777
35.76470184
34.4272995
42.77519989
33.58589935
31.80340004
34.85839844
34.79604347
34.78549957
35.552299
35.74850082
34.991406
35.90380096
33.51129913
35.17950058
37.46910095
37.090599
37.5583
36.717008
26.19580078
26.3556
15.186
14.5086
7.125520229
10.30749989
52.63499832
43.388302
51.169997
68.15180206
1
-34.8222
-1.37925005
-15.86916733
-19.62444305
-25.5284996
-27.67027855
-22.80999947
-23.43555641
-5.768056
-23.62611008
-12.9086113
-33.39300156
-0.906833
-0.129166667
4.70159
-17.6448
-12.0219
-13.53569984
-34.838402
10.111111
10.601194
16.265301
18.43939972
36.075833
18.04100037
41.275278
36.895545
43.35210037
51.02220154
43.06129837
49.67079926
40.46749878
40.14730072
41.6692009
48.52799988
50.34500122
45.05220032
49.92480087
46.42679977
59.8003006
53.88249969
56.172901
55.01259995
47.493888
43.449902
33.137551
0
0
56.74309921
37.986801
41.25790024
55.553299
55.40879822
55.972599
55.59149933
55.60620117
55.86669922
54.55749893
53.50490189
19.08869934
15.38080025
7.180759907
6.284467
11.54660034
13.41069984
22.65469933
23.843347
22.308901
31.70960045
28.5665
22.149599
27.6966
13.1979
10.152
11.13679981
17.23131752
12.99000549
8.48211956
4.191830158
13.91259956
13.68109989
18.76679993
8.1132
16.04389954
21.22120094
10.81879997
21.70219994
16.90730095
-5.061629772
-8.748169899
-2.576950073
-7.379829884
-0.894
4.944200039
-6.12556982
3.642222
2.745579958
1.35019
-27.38419914
-37.673302
0
-34.945
-31.94029999
-35.30690002
-33.94609833
40.08010101
40.851398
39.78279877
39.12440109
37.74689865
23.39240074
28.18919945
25.21809959
22.60829926
22.63929939
34.5196991
30.7838
19.93490028
18.30290031
34.447102
47.843102
25.1019444
0
24.54400063
25.93510056
30.22949982
36.85720062
29.82670021
31.74200058
31.14340019
31.19790077
27.912201
29.71920013
26.53849983
30.57850075
43.90710068
45.62340164
38.96569824
41.63980103
59.2826004
0
-9.42800045
-8.327969551
32.53154
0
-0.547458
0
0
-26.971197
38.74831
-5.422319889
-6.024290085
-9.086759567
-6.081689835
-10.3114996
-8.80453968
-5.462170124
-7.963610172
-2.579400063
-5.207079887
-5.826789856
-6.14774
-2.06189
-6.569803
-4.340459824
-2.6926
-5.643300056
-3.583830118
40.49554222
40.80731292
39.00616227
0
-21.85330009
42.45489883
68.72180176
61.16049957
64.19090271
67.0122219
76.53119659
65.66000366
65.28330231
64.295601
65.952301
66.05809784
64.12999725
66.133301
63.42430115
54.43999863
52.27830124
52.55699921
16.51936913
17.73469925
17.70079994
18.38220024
16.98250961
16.53695679
16.10239983
18.35610008
17.9139
17.51638985
-21.5411
49.05497
31.99830055
39.66999817
39.45090103
40.14916611
39.81111145
38.32275833
25.73749924
41.26079941
40.73720169
39.71749878
39.75780106
38.78110123
37.40779877
39.37329865
40.50310135
40.73860168
40.10250092
30.70529938
25.053301
29.49530029
23.73810005
24.98830032
23.39529991
30.48999977
29.3519
23.71559906
25.44529915
26.54
22.12059975
28.06889915
30.79859924
18.69219971
23.08329964
23.3307991
23.04999924
19.69720078
26.58720016
18.49440002
34.449507
34.86125
24.97859955
21.39579964
26.85689926
23.72060013
30.95439911
34.57139969
38.40250015
37.50859833
36.33060074
36.67919922
37.49000168
34.75389862
36.96360016
33.68470001
36.15919876
37.26470184
40.58029938
34.05889893
34.23059845
36.59140015
36.02750015
47.74988556
34.53170013
36.33670044
35.9178009
35.30830002
39.55469894
34.55939865
43.46580124
42.1814003
34.27420044
43.95029831
37.98830032
34.15390015
25.54829979
43.07720184
34.64390182
38.80189896
30.96859932
30.28779984
31.90940094
26.00440025
25.02610016
30.33530045
30.70664024
25.57279968
29.11310005
29.47719955
28.63559914
28.42079926
29.92280006
31.32360077
28.02169991
43.90530014
42.15890121
40.0247
40.40140152
42.07889938
43.52420044
45.59749985
42.5257988
45.25939941
40.9007988
41.87080002
41.82249832
43.1568985
40.2989006
38.91220093
39.28950119
43.76029968
35.235947
51.72719955
48.65420151
53.75469971
50.5821991
46.48500061
53.52470016
60.02719879
52.92750168
44.2303009
50.0564003
50.29439926
51.39189911
49.079833
68.534401
49.13249969
52.387501
59.56140137
54.304199
48.33060074
64.29889679
49.95080185
58.7061
49.91
57.8894
53.33250046
52.358898
51.10309982
51.4435997
53.68280029
69.10810089
45.09280014
49.05497022
43.285599
49.29639816
47.007801
47.990799
49.10559845
67.816704
52.11669922
55.68719864
54.61059952
63.34690094
70.48609924
64.04309845
61.37110138
49.4681015
49.21080017
61.97060013
51.10079956
48.7784996
56.54919815
55.74229813
44.68330002
61.09420013
46.35139847
45.84280014
49.21030045
56.01890182
53.57889938
68.30419922
48.563903
52.20140076
63.756402
45.8689003
48.74610138
51.56190109
46.40940094
54.67810059
61.18080139
61.7602005
55.07690048
49.69419861
43.76689911
51.299196
66.24079895
44.22529984
53.62530136
50.62810135
54.55889893
48.77529907
49.77830124
47.42470169
69.36470032
50.2818985
55.2818985
56.35749817
76.42610168
61.04639816
49.83169937
49.36830139
49.71419907
51.69110107
70.76280212
68.63559723
43.17359924
49.19309998
55.44829941
50.46889877
60.78919983
45.51750183
60.83969879
48.77389908
44.54584504
51.21170044
62.41730118
72.6832962
53.85720062
60.2358017
45.29439926
48.5442009
50.70220184
68.223297
43.46080017
61.58860016
57.2560997
54.80530167
60.8185997
51.47330093
48.21030045
51.51750183
43.86220169
59.29669952
62.84999847
47.81999969
52.1955986
54.12530136
62.418303
53.30920029
56.51330185
82.51779938
58.71139908
49.95610046
63.61640167
48.85689926
49.08390045
52.30279922
50.33029938
47.59749985
56.65330124
51.29109955
49.77190018
56.53609848
45.679501
50.18999863
53.01060104
45.52170181
53.95830154
58.27669907
49.76169968
59.48749924
64.69889832
67.57060242
54.40499878
54.93330002
58.62139893
43.922798
58.49140167
44.59030151
53.21419907
69.36083812
45.65670013
56.226898
49.903099
58.47190094
51.44639969
51.81969833
49.83639908
54.98809814
44.22999954
54.28609848
49.83420181
60.05059814
58.76720047
44.97470093
46.7911
53.97140121
52.18220139
42.27560043
60.11640167
43.82690048
49.78829956
49.63029861
46.11220169
50.18280029
49.71080017
50.43190002
42.77000046
48.37189865
55.17969894
51.26470184
52.76919937
48.93690109
46.1614
53.02610016
64.1160965
74.71690369
47.76440048
48.52000046
51.06689835
45.46030045
45.31919861
46.35279846
54.16719818
62.81140137
50.96670151
46.625
45.43859863
59.25030136
46.096401
44.94580078
45.31610107
56.53779984
47.15750122
60.02030182
43.19169998
48.75529861
53.84560013
46.44060135
71.99389648
45.86439896
64.23000336
48.50889969
55.80110168
53.81779861
58.6678009
44.1189003
48.56969833
43.627499
69.4332962
66.52140045
68.77610016
48.20610046
48.07109833
55.15140152
49.87829971
50.24810028
67.54579926
48.05329895
58.09609985
65.28160095
44.7458
52.65579987
45.95220184
65.21109772
52.9219017
52.18310165
52.9593934
63.20940018
49.6108017
52.17079926
50.01890182
56.23809814
48.47809982
50.11389923
62.24000168
66.14499664
62.41030121
47.69740065
53.88940048
54.468498
43.035599
49.02529907
60.70959854
47.96670151
46.363602
54.8246994
58.83639908
49.46310043
46.29000092
69.54669952
56.86389923
50.29190063
58.73920059
53.31919861
49.41389847
50.29029846
48.60860062
43.74250031
45.88529968
62.46279907
62.1794014
55.29309845
53.25429916
42.99940109
64.19329834
50.68059921
54.14390182
50.22330093
60.17279816
44.9844017
55.304402
56.08940125
50.682802
49.0742
56.06140137
47.62969971
45.29079819
56.03749847
52.22639847
62.20750046
59.33440018
55.74919891
67.40750122
64.909697
49.0155983
54.83969879
52.04560089
54.51890182
52.12060165
52.28250122
55.31890106
53.44139862
55.58890152
54.02750015
52.99652588
53.89110184
49.52059937
52.9435997
53.06420135
56.7928009
55.93541045
55.86560059
49.42969894
58.61750031
58.10689926
36.50360107
35.33250046
36.7120018
24.292801
36.545799
26.7234993
36.17810059
22.81150055
36.79510117
33.53590012
35.752201
36.822201
36.27600098
35.43159866
35.7521019
32.93040085
35.34109879
27.7003994
36.21269989
35.54240036
35.01670074
35.62390137
31.64570045
35.20769882
27.83760071
34.79330063
30.57130051
32.38410187
31.67300034
27.25099945
33.06779861
33.76440048
33.51139832
29.2371006
31.91720009
28.0515
6.357230186
45.505278
11.16009998
9.557189941
6.714560032
7.361830235
4.89605999
5.261390209
7.738800049
6.792809963
9.387180328
7.272069931
4.746719837
6.903170109
7.246739864
6.204167
10.482833
6.316979885
4.976019859
6.474269867
12.1717
7.362460136
8.440210342
5.427060127
9.639829636
10.6960001
11.85529995
7.70388
9.652170181
5.015490055
12.91629982
9.25755024
11.1302
13.50249958
14.8757
16.9659996
13.77900028
36.97999954
35.7580986
37.245398
32.30619812
34.42200089
33.87689972
33.875
31.70429993
34.7179985
33.93970108
9.76733017
6.165609837
51.18939972
50.75859833
51.168301
50.57580185
51.09030151
50.24330139
50.81719971
51.19889832
50.981945
53.87870026
52.073612
53.6022
51.36333466
51.889442
50.97980118
49.21459961
49.959999
49.9487
49.473057
49.967499
50.991604
50.70769882
53.53527832
54.37944412
53.80540085
47.98880005
51.230278
51.61410141
51.60240173
48.425278
48.081402
47.67129898
53.426998
49.920403
49.985001
50.28861237
47.97333145
48.36930084
49.11833191
52.000832
52.319199
51.417273
54.91320038
59.26029968
58.99079895
58.22990036
58.41899872
58.30749893
68.36260223
61.856039
60.25460052
62.1661
68.6072998
62.66289902
62.3995018
63.127102
65.77870178
64.28549957
62.46250153
63.72119904
65.98760223
67.7009964
63.00709915
61.044601
60.12220001
61.6866
64.93009949
61.46170044
66.56479645
61.94309998
62.692101
67.39499664
61.41410065
60.51409912
60.89640045
63.05070114
62.17110062
64.0547222
30.42060089
54.39889908
55.0428009
52.36970139
51.89419937
52.91999817
51.08720016
51.15219879
50.08610153
51.4048
51.00939941
55.43719864
59.19060135
59.53580093
51.83309937
51.6053009
50.102798
49.91329956
51.18719864
50.44060135
49.706104
49.43500137
49.207901
50.835602
51.3307991
51.505299
51.2757988
51.32389832
51.57139969
50.95610046
54.9375
53.77170181
53.57440186
54.1286111
53.745098
53.17810059
54.08330154
54.50920105
55.04999924
52.7981987
53.24810028
58.95780182
59.87889862
58.45890045
57.54249954
55.68190002
55.50939941
57.48109818
60.43280029
56.45249939
58.21559906
57.0228
56.49919891
57.6493988
56.3728981
57.7052002
52.205002
52.07220078
51.8368988
51.61640167
52.12730026
52.35720062
51.23410034
52.639999
51.5530014
53.0929985
54.1371994
54.2924
53.834301
52.34260178
53.30780029
52.612598
54.0489006
53.16619873
54.20550156
53.03030014
52.96220016
52.648395
-51.82279968
51.25529861
50.911701
52.0606
51.51729965
53.11970139
51.56740189
52.92340088
52.4603
53.22859955
51.956902
52.275833
51.657222
51.4491
53.30020142
55.0442009
53.91030121
52.18090057
53.30170059
54.28020096
52.18719864
53.35219955
56.29999924
55.525902
56.29750061
54.699299
55.47669983
55.58560181
55.06330109
54.96440125
57.503502
55.221048
56.55020142
57.06880188
55.436298
62.06359863
55.99010086
62.5625
69.29250336
69.97609711
65.46109772
70.60050201
70.871399
58.204201
69.05580139
67.967222
68.49130249
61.0155983
61.58359909
59.34529877
70.67970276
71.00969696
63.11180115
69.72579956
68.15249634
71.02970123
62.74470139
65.78399658
70.06880188
68.43689728
59.565701
63.69889832
62.18000031
66.36389923
64.83830261
62.57839966
59.378817
78.24610138
68.24330139
68.5788269
59.18500137
59.79190063
69.78679657
70.35540009
65.95680237
59.18669891
70.06529999
52.00078
53.09680176
54.41600037
51.55139923
52.82939911
52.33169937
51.55170059
51.72190094
52.00469971
54.02690125
53.39509964
52.19549942
54.57970047
52.379398
51.3891983
50.11000061
53.58470154
53.79059982
53.481899
51.58440018
52.13850021
58.40230179
56.26670074
58.49810028
57.75759888
57.7747
58.45640182
58.31809998
58.42639923
59.34590149
60.957901
58.78860092
58.79079819
55.92169952
56.6855011
56.69110107
56.92910004
62.04779816
67.13240051
63.04859924
64.5483017
62.52809906
63.40829849
67.8219986
64.62480164
63.79180145
64.57910156
65.59030151
61.26150131
63.19440079
59.22370148
60.02009964
59.44469833
59.58940125
59.35440063
60.42200089
60.59329987
58.40620041
58.5862999
60.1576004
59.35110092
57.66279984
56.29610062
56.08280182
64.96089935
67.24559784
65.80609894
49.97269821
52.2785
52.59120178
52.291199
51.1146
48.220299
50.366001
49.391945
49.21749878
52.919399
49.69869995
49.2181015
53.7677002
52.585556
50.9608
54.312199
53.533501
53.91820145
50.8312
54.459301
53.54779816
52.457298
49.56359863
50.04980087
50.17380142
48.205555
51.767799
48.71569824
48.185504
48.710999
55.94472122
56.534698
56.51750183
56.9422
57.35779953
54.96390152
55.31169891
55.97320175
55.72940063
55.89390182
56.0705986
-28.575001
-29.28179932
-32.89709854
-29.09269905
-25.716869
-33.03559875
-26.49559975
-28.82309914
-25.98629951
-26.24250031
-28.23509979
-26.87109947
-28.80279922
-25.38319969
-27.45669937
-29.68840027
-25.93849945
-28.36009979
-32.96889877
-28.58169937
-24.81809998
-30.85740089
-25.79840088
-25.43000031
-25.7045002
-27.62610054
-27.77059937
-33.60699844
-33.98490143
-34.08816017
-23.93720055
-23.92609978
-31.60589981
-29.64900017
-23.845269
-26.67099953
-31.92020035
-28.74099922
-25.64430046
-33.81219864
-29.68930054
-26.52409935
-32.96409988
-27.64859962
-24.96089935
-23.82439995
-28.32060051
-28.39909935
-31.54636318
-26.98240089
-29.77059937
-31.64100075
-26.56640053
-25.6539
-25.82999992
-33.90019989
-21.1595993
-24.60230064
-17.83289909
-19.97260094
-20.5534
-22.0583
-4.251699924
-1.226666
-0.531350017
1.615990043
-4.20635
-4.816030025
-26.52899933
-26.358611
4.398479939
4.221580029
1.905470014
3.755270004
-7.9696
-19.7577
0
-7.31327
4.089190006
4.006080151
10.4513998
5.636919975
7.357009888
9.335889816
5.536920071
6.039239883
3.83604002
3.722559929
-12.57279968
-15.41380024
-17.82180023
-13.25889969
-15.25450039
-12.99810028
-12.9005003
-11.5337
-12.29810047
-12.13169956
-12.8046999
-20.88710022
-21.32089996
-19.56279945
-17.09390068
-18.10950089
-20.28470039
-12.34939957
-16.16390038
-14.65170002
-14.99940014
-14.62969971
-15.66684174
-13.31210041
-16.7445303
-15.43669987
-14.27859974
-13.37580013
-14.8987999
-25.03809929
-21.4416008
-22.11969948
-21.20179939
-21.75390053
-23.38339996
-6.269899845
-12.60900021
-5.596990108
-12.4792
-7.400889874
-17.0435009
-12.80889988
-12.40460014
-9.525090218
-14.6576004
-15.26119995
-7.754509926
-10.72200012
-9.689069748
-6.141089916
-11.16790009
-14.92469978
-11.76809978
-7.603069782
-16.7553997
-1.184610009
-1.84513998
1.543110013
-0.665214002
-0.704388976
2.075639963
-0.711739004
-1.574730039
0.579210997
0.458600014
-1.656159997
1.662940025
0.37817499
-19.79640007
-19.15130043
-23.87639999
-13.274
-11.6729002
-11.36180019
-15.10560036
-12.99176216
-17.85549927
-16.10479927
-22.01840019
45.039722
-4.319290161
13.84700012
8.624409676
17.91710091
-20.017401
-21.008101
-18.09589958
-16.51980019
-17.43190002
-20.05529976
-19.43639946
-18.62989998
-15.67910004
-12.5183
-9.953570366
-13.7894001
-14.4829998
-11.44470024
-29.46229935
-22.46220016
-19.60219955
-26.53980064
-26.68740082
-24.60540009
-17.878201
-28.5847
-17.9564991
-19.26189995
-22.9799
-22.61219978
-4.326660156
-3.311320066
-5.035769939
0.022600001
4.253210068
3.235369921
2.17066
0.481638998
2.827610016
1.565719962
2.818350077
-2.308979988
-1.670809984
-2.919179916
-11.59130001
-10.76589966
-5.875559807
-8.642020226
-5.900050163
-6.121240139
16.24839973
14.48120022
14.51280022
16.73049927
-4.15
60.4252
13.3380003
28.45269966
27.81480026
28.945499
41.92910004
42.24030572
35.27980042
7.532420158
7.944399834
7.891290188
8.610469818
11.89480019
6.289060116
30.32500076
28.44820023
32.51430556
33.9272995
31.94750023
33.8791008
34.78720093
26.7318
34.051498
23.7183
27.151699
34.98880005
31.60689926
34.2989006
30.93910027
34.418066
35.17710114
35.59429932
35.72689819
12.5556
12.39533
14.14690018
15.59360027
16.05080032
14.84729958
12.57229996
13.73680019
20.5067997
20.93309975
9.57689
16.1364994
15.1559
14.92450047
16.58839989
16.83320045
6.039390087
14.14680004
11.60809994
9.624699593
8.128760338
12.51990032
5.935130119
8.7163
9.3325
7.666090012
13.4673996
10.01850033
-3.324019909
9.518170357
10.38920021
-0.377353013
2.01444006
11.54730034
30.836599
30.540501
30.5727005
30.394899
30.92449951
31.07329941
27.04649925
31.18390083
30.09180069
30.91769981
22.37599945
29.20829964
30.11639977
31.068559
30.81979942
25.5571003
26.342778
31.3253994
31.27939987
28.68530083
27.97730064
23.96439934
29.58779907
15.29189968
15.67000008
13.07180023
33.79083333
-2.645050049
0.404457986
-0.086139001
0.971988976
4.204120159
3.121969938
-2.252419949
-3.229310036
-1.406111
-1.321720004
-0.062398899
-1.277269959
1.73324
21.68770027
32.45289993
32.47340012
0
31.06349945
25.14559937
24.17869949
32.09680176
32.89410019
32.7887001
26.98699951
30.37809944
30.15169907
-1.67719996
-2.462239981
19.15390015
10.529167
13.61489964
15.38749981
18.44333333
13.15320015
19.43359947
9.558970451
7.725830078
-3.367789984
-6.170440197
-8.919942
-7.668630123
-3.429409981
-3.37631011
-10.33909988
-2.444489956
-5.257259846
-5.09236002
46.549613
3.049999952
2.805560112
1.727689981
-21.708
-3.73956
13.07674
33.81869888
33.36372375
32.92938232
33.0745697
32.74492645
30.54651833
32.11684036
31.45658112
33.27932739
32.40611267
35.85926437
34.16407394
34.16648865
35.13972092
34.93722153
31.41740227
24.396389
50.371389
29.51333333
-2.905482
31.3088
40.65209961
32.41130066
45.44910049
31.53549957
41.25310135
31.61129951
40.978101
39.45759964
31.32740021
40.35440063
33.94860077
41.03749847
42.74829865
27.74090004
32.83990097
38.89030075
42.55709839
37.434898
46.09489822
33.5882
34.49459839
40.29639816
39.57009888
26.15259933
39.466202
45.0780983
30.0378
43.9919014
39.22320175
46.15800095
44.91400146
44.3205986
44.92620087
41.33850098
45.86629868
42.23490143
42.157799
39.26190186
31.17930031
37.70640183
48.72840118
41.16350174
42.47000122
41.80310059
41.87400055
35.43360138
30.62680054
42.20869827
44.45000076
31.84950066
37.37310028
46.77270126
30.41040039
39.90879822
47.50939941
44.83729935
39.7016983
41.51750183
37.78730011
37.29579926
33.61920166
48.7928009
39.14599991
43.59189987
42.58509827
36.3689003
29.95079994
31.25880051
46.39830017
40.78319931
25.90679932
42.30730057
45.95479965
30.533199
44.47190094
34.20069885
40.77249908
42.58420181
36.96450043
35.96429825
42.54259872
35.2804985
45.77750015
40.91609955
46.87149811
43.07260132
37.70100021
42.83760071
34.43379974
41.78020096
42.19400024
30.77879906
41.56510162
37.22529984
38.1385994
46.25080109
39.29660034
30.58860016
48.12020111
40.03919983
47.16839981
32.33750153
37.66880035
44.52019882
47.77429962
28.23489952
43.20270157
38.805801
38.81809998
42.908001
33.81169891
30.3362999
33.12829971
32.5163002
35.95130157
48.60839844
33.97050095
44.49720001
44.77759933
30.351801
41.15570068
33.546259
38.71500015
34.85369873
36.57289886
37.76340103
39.83459854
42.40919876
31.32130051
36.02259827
46.79740143
45.61849976
32.16650009
32.26229858
33.46649933
41.90779877
36.6194
30.83169937
29.37420082
31.46899986
41.17829895
0.032933202
47.39889908
44.86579895
36.26060104
30.357106
34.7663002
42.89839935
33.17699814
29.6072998
39.64260101
30.65040016
40.80339813
38.88940048
40.82490158
33.22100067
42.15990067
47.82450104
31.80719948
39.29970169
40.71870041
42.59569931
31.39489937
44.12459946
38.03699875
41.27479935
41.67610168
35.07300186
24.55610085
37.13249969
46.92070007
36.77619934
34.99119949
35.13180161
38.67839813
41.01350021
31.58849907
41.37789917
35.13850021
34.1853981
39.08539963
36.74119949
26.58659935
42.9654007
42.55149841
38.95090103
27.49510002
40.72880173
39.05530167
43.58200073
34.64979935
30.91570091
37.90710068
33.77909851
26.19729996
36.00510025
40.944401
44.34889984
37.92750168
35.95240021
47.13869858
47.949299
43.34120178
32.38399887
48.212502
39.12239838
39.37060165
33.48289871
29.26530075
34.84790039
29.69009972
41.33010101
48.3105011
47.07920074
40.96749878
31.06719971
42.88079834
44.05559921
47.48199844
33.45029831
35.51110077
36.68510056
33.49430084
41.61629868
31.26479912
34.991317
41.73669815
39.707901
33.922798
41.12403
45.540401
35.74110031
40.17499924
46.60680008
31.13870049
32.6875
44.3852005
36.66859818
34.47800064
41.06700134
46.97119904
26.22850037
36.26150131
30.42779922
25.48859978
34.67869949
39.4515
46.12310028
38.06549835
41.26369858
48.54299927
41.66930008
29.8927
46.02519989
38.84220123
37.62189865
43.1072998
43.514599
41.07139969
39.67869949
34.27059937
39.42789841
31.77960014
48.56620026
36.13370132
35.02190018
32.83420181
41.2417984
40.09349823
28.28980064
48.17789841
35.33140183
40.79520035
42.49100113
33.30780029
43.6072998
35.83169937
30.51129913
42.15340042
37.59389877
46.92969894
40.31610107
42.25979996
46.11800003
40.41230011
27.988899
42.77870178
41.31209946
34.56769943
40.27590179
41.12620163
37.0442009
34.60990143
29.10860062
30.12610054
43.62609863
28.82309914
31.23399925
33.81769943
41.79119873
33.6385994
42.156101
42.81520081
40.85100174
40.12170029
40.06639862
38.22800064
37.0821991
27.54380035
34.91690063
32.28939819
43.879002
32.33729935
36.23619843
39.10329819
45.69940186
35.65420151
37.85829926
42.71720123
46.37450027
47.04930115
37.3266983
31.94249916
45.54650116
31.17849922
38.66759872
37.28469849
40.20629883
32.69279861
43.15779877
37.77809906
40.19350052
32.33259964
37.38050079
40.82139969
26.17580032
42.37419891
39.64289856
39.14099884
38.55390167
42.932598
48.4156
40.24229813
39.367802
39.12319946
35.599899
28.10280037
34.882401
46.4280014
33.92079926
40.79940033
45.19440079
37.62580109
48.25939941
44.20349884
36.00899887
39.40190125
36.5870018
34.74530029
46.91630173
44.93579865
42.613463
24.726101
38.50979996
39.325699
40.43479919
47.20769882
32.3829
44.88970184
33.67969894
39.09780121
32.47740173
29.82530022
34.70840073
30.70439911
40.03329849
30.04240036
33.30130005
39.41659927
32.76919937
27.69260025
36.937599
38.285999
43.89220047
35.6853981
30.2358
32.829201
34.90090179
32.86840057
36.33300018
32.55210114
30.35269928
35.356701
27.50720024
24.57579994
30.39109993
30.7241993
34.12030029
36.820702
37.4161
48.351799
34.2961998
38.50170135
32.65660095
32.69919968
34.82920074
41.11830139
41.98550034
33.45679855
41.19589996
48.0945015
46.9693985
31.4177
41.44800186
44.580399
25.907
41.5970993
42.26729965
43.9844017
40.0798
43.417099
41.10660172
37.74010086
42.19049835
34.20080185
31.27569962
38.00739
39.731218
38.690201
38.652807
39.505001
39.996257
41.428538
40.6814
40.364375
40.359822
38.425487
38.913877
38.663481
47.90629959
37.06079865
34.1731
44.65090179
33.87559891
45.69509888
36.92610168
35.6352005
31.46710014
27.91020012
42.90980148
44.38270187
39.3451004
45.57089996
34.62939835
42.79550171
36.73199844
40.081902
30.47340012
35.17089844
31.0447998
41.62659836
46.68899918
35.67290115
34.65449905
33.63660049
46.26470184
43.07789993
33.82970047
42.66550064
46.7439
41.73260117
40.21920013
42.114222
47.49020004
33.95190048
44.04529953
40.15069962
44.14500046
40.50899887
40.37850189
44.2541008
47.96110153
45.63119888
39.526299
33.880699
43.06420136
41.5942
43.23379898
34.3506012
45.14830017
33.30160141
38.87210083
43.52939987
36.03960037
44.54719925
35.85630035
41.80559921
34.01319885
38.51250076
35.61709976
46.35359955
34.42620087
34.09540176
35.23680115
38.34049988
42.85250092
37.89419937
32.57229996
47.706902
47.68280029
39.84030151
29.9592
29.62229919
37.036389
44.76919937
32.446602
31.35770035
29.38419914
44.90950012
33.79000092
44.38529968
38.79100037
37.05339813
45.12379837
34.89889908
36.66279984
41.10129929
30.58569908
33.46279907
29.33699989
31.15180016
45.54660034
39.77190018
44.93450165
38.50899887
43.50439835
34.59059906
32.00999832
41.5041008
36.16120148
37.74160004
35.18280029
33.22060013
33.23690033
40.85010147
47.26789856
28.51479912
25.64789963
31.860399
39.06869888
38.06019974
31.15250015
39.31999969
33.62670135
45.54940033
40.27669907
28.61499977
34.26810074
44.74140167
38.89390182
42.4818
33.45370102
32.35409927
45.24710083
39.94269943
39.12599945
40.84930038
34.38430023
30.74690056
30.96780014
28.8526001
40.4408989
36.21070099
30.78249931
34.20980072
43.93899918
41.45399857
27.6556
42.85779953
36.59579849
34.74110031
40.89659882
40.0155983
43.96569824
39.00849915
36.438
-1.960559964
44.68840027
28.46759987
36.281898
37.23500061
42.23789978
46.56819916
42.91669846
41.26070023
45.12620163
45.621994
50.73500061
49.22000122
50.54000092
39.94440079
42.03369904
40.77190018
40.47610092
43.15140152
41.976398
43.54430008
42.067799
42.29040146
43.451401
43.42380142
35.15470123
42.56140137
45.46269989
44.89350128
45.21689987
43.28570175
43.53889847
44.108299
38.94850159
36.84389877
43.56359863
37.84199905
43.30110168
42.357601
38.8913002
43.302101
40.370701
41.728185
40.213889
37.1332016
41.90100098
37.18870163
40.29410172
38.8728981
36.74459839
37.77500153
42.5890007
39.86259842
37.17490005
42.77000046
37.951099
41.1473999
36.64519882
40.95209885
43.35649872
40.403
40.49670029
39.4893
41.70610046
42.88280106
42.23180008
43.42710114
41.66619873
37.41799927
50.96210098
49.8685
50.51739883
50.32580185
49.873004
44.17470169
44.53329849
44.82529831
43.54560089
45.65829849
46.17919922
46.58769989
46.22259903
45.8628006
43.911701
46.313477
43.38000107
43.17869949
45.72919846
45.19810104
43.4683333
44.35139847
43.00780106
44.596401
43.91389847
43.55630112
44.40790176
45.62810135
44.02569962
43.687801
44.982498
45.88779831
46.71860123
48.10990143
47.005901
47.042686
49.122398
44.544203
45.08069992
48.98210144
47.560299
42.55270004
42.5244444
41.50059891
41.92359924
41.92440033
47.85020065
45.63809967
45.7867012
47.05810165
46.8260994
46.19200134
46.295101
46.41249847
46.05830002
45.9308333
45.36289978
44.9216
46.16970062
44.89139938
46.860278
45.72719955
43.38470078
43.542
45.54059982
43.522701
43.2159996
44.14049911
42.74039841
43.25249863
44.069698
43.57619858
43.32350159
43.90729904
43.60639954
44.502102
49.45439911
48.058102
47.256802
49.02870178
49.53390121
50.143501
47.9878006
48.77333333
49.38420105
47.678502
47.43220139
47.08209991
48.03139877
48.9693985
49.25350189
48.60469818
48.75189972
49.096667
48.7741667
48.322102
49.22689819
47.00260162
50.3105011
48.7680556
50.563332
50.61840057
49.78390121
47.6376
48.44789886
49.65010071
48.58769989
47.28939819
48.8830986
49.36529922
47.76060104
46.70190048
48.53030014
49.1733017
48.28170013
47.94860077
48.06949997
48.754398
47.97499847
47.15319824
48.5378
48.60319901
47.72330093
47.3105556
47.268902
48.325001
48.63600159
47.487
48.69210052
48.58309937
48.53829956
47.7830556
43.09730148
43.75740051
47.09550095
46.76290131
45.987301
37.9207
40.85589981
39.21960068
38.06380081
38.34320068
39.69639969
38.12009811
37.06829834
36.79330063
35.42139816
39.60189819
40.91329956
40.28609848
37.43510056
39.05670166
38.92549896
36.40539932
38.1511
35.53170013
39.17710114
37.68999863
36.39920044
35.21609879
38.339802
37.7509
47.48889923
46.91749954
45.990898
47.624401
46.686391
47.122897
46.39310074
47.34529877
41.541401
38.9972
41.432899
40.517502
40.239201
42.431702
40.6576
40.767799
38.905399
36.994601
35.497898
36.816502
38.110802
38.071201
37.9114
37.401699
46.0214
40.632099
39.354198
40.898701
39.9188
44.925201
45.4953
45.310233
45.111198
45.742199
45.086399
44.050598
45.529598
44.824501
44.779999
44.913102
45.738499
44.547001
46.031898
46.460201
44.224201
45.978699
44.194801
45.432201
45.428902
45.827499
44.020302
45.684898
45.395802
43.616299
43.256302
44.088001
41.654499
41.990299
40.620399
42.7603
41.5424
41.060799
43.810001
42.759701
41.9519
42.430199
43.095901
45.90000153
46.47990036
45.47340012
49.93970108
50.12139893
49.02939987
50.20299911
49.67520142
49.69630051
49.16579819
50.01340103
49.42580032
49.15129852
50.216599
31.83950043
29.723694
29.56130028
32.80939865
32.98099899
31.32819939
31.20829964
32.6651001
30.77610016
32.11470032
47.84329987
46.99110031
47.260201
46.642502
48.2332
47.79330063
47.202801
38.883301
36.97140121
41.8578
38.078899
41.58710098
39.847022
40.158758
38.724998
38.533501
39.45529938
39.09220123
38.51990128
32.697899
39.828335
38.703899
39.087502
40.915901
38.5542984
37.1493
33.07339859
38.66550064
39.211559
38.8311
39.475101
41.27729
41.2743
40.725498
44.94139862
43.28290176
44.45869827
45.158699
44.3923
45.2164
46.17660141
46.52190018
47.65840149
44.50320053
44.36220169
46.78519821
45.41999817
46.50230026
44.31809998
47.17850113
47.02529907
45.78559875
47.70330048
47.6875
45.0625
46.46770096
45.80989838
47.08390045
46.21960068
46.943901
47.39860153
47.092444
47.07889938
46.8432
46.00429916
46.91410065
47.181599
47.48500061
46.53409958
39.94979858
40.07889938
37.0021019
38.72639847
37.979
38.43529892
38.770401
39.45149994
40.30743027
37.78559875
39.61930084
40.31800079
40.13769913
39.78409958
38.51300049
40.73500061
40.25519943
38.80889893
41.13819885
40.99300003
39.809898
38.60689926
37.89390183
39.71020126
40.56219864
37.09429932
38.46820068
37.92900085
38.74779892
37.97890091
37.53882599
39.65454102
37.73139954
37.22330093
37.445663
37.3647
37.5497
36.36277771
39.55459976
36.299217
47.843056
47.86270142
45.84379959
46.92770004
46.86809921
51.240278
41.18
36.15119934
27.653
44.935299
43.337299
42.40470123
48.6631012
48.40200043
48.62519836
48.63779831
48.86500168
49.07360077
49.23149872
21.44449997
21.9175
21.77359962
21.51569939
18.25149918
17.92900085
19.2670002
18.57250023
18.45070076
19.75790024
18.50370026
19.40609932
15.46899986
15.7309
15.99199963
14.52099991
13.93620014
16.91379929
15.7425
15.4526
16.4454
16.316799
14.3824
15.7759
14.06089973
15.9268
18.4041996
18.50370026
18.19879913
17.98859978
25.865601
21.705601
15.7753
18.83480072
18.65369987
24.76449966
18.50469971
27.39259911
19.81679916
31.63610077
20.6413002
28.70289993
23.70330048
20.546
20.5223999
25.05380058
24.12420082
21.4195
27.96899986
19.277
25.54949951
16.449301
19.47509956
18.00169945
25.68519974
20.9935
24.0727005
25.98920059
25.76989937
20.93700027
32.6306
19.84989929
18.10339928
26.9557
23.16139984
27.44389915
16.99990082
20.60269928
19.15810013
28.627399
19.39669991
15.8769
20.6173
26.0089
22.947701
22.25429916
16.739901
25.56830025
16.56360054
22.29640007
19.33709908
14.79430008
17.99699974
19.14590073
22.89710045
17.60160065
19.14480019
11.99100018
12.14150047
14.0472002
9.340849876
7.987840176
9.458962
8.390999794
9.356639862
8.973340034
8.085599899
10.42
9.163949
10.76869965
8.601559639
8.654009819
10.21720028
11.03530025
9.957960129
9.976490021
9.993860245
8.533329964
8.951029778
9.957050323
9.443160057
8.826109886
10.8922
13.69950008
18.27109909
19.733
18.24110031
18.66309929
18.57999992
19.93359947
20.36529922
20.39640045
22.02709961
22.46100044
22.14999962
21.61650085
21.42029953
19.96980095
19.90649986
20.08530045
20.78560066
23.12400055
22.33609962
20.65390015
20.28809929
22.7560997
21.83469963
23.03280067
22.42140007
22.49220085
22.09530067
21.64249992
21.78829956
20.98760033
19.68700027
19.660161
24.28770065
24.69790077
24.158701
26.5114
25.05380058
22.44179916
26.74530029
25.41710091
25.7383
25.69989967
24.6294
24.3153
22.74559975
23.56259918
23.4666996
25.47489929
25.28470039
24.59429932
24.89507873
24.16909981
26.55870056
20.97500038
23.17900085
23.011194
23.582317
22.379499
22.18180084
24.06329918
42.066944
-17.7553997
-18.04330063
-16.4666996
-21.24119949
-19.77700043
-18.58530045
10.29833333
5.59611
-8.525
1.381639957
-1.224470019
-19.07903099
52.281602
27.5403
-14.31140041
-13.23830032
0
-13.82999992
-14.2172
-14.33100033
-22.4340992
-23.36540031
-17.3526001
-15.81989956
-15.1196003
-18.46590042
-16.05410004
-14.4368
-23.07990074
-15.66329956
-16.58390045
-14.80949974
-14.70950031
-15.2482996
-14.86810017
-14.42809963
-14.45580006
-8.795599937
-9.768790245
-16.44440079
-14.95429993
-16.68720055
-17.49
-18.07480049
-16.42650032
-16.7229
-14.21809959
-15.50500011
-17.69930077
-19.45509911
-21.09609985
-19.72060013
-21.05430031
-22.58889961
-20.54630089
-20.77479935
-22.25830078
-21.4817009
-20.79000092
-20.6406002
-22.01460075
-38.73970032
-37.02970123
-43.81000137
-45.92810059
-38.66329956
-43.90670013
-42.71360016
-37.86669922
-77.85399628
-35.26279831
-35.06999969
-45.21170044
-43.76499939
-45.53310013
-40.97330093
-39.00859833
-39.465801
-41.2983017
-46.41239929
-40.20600128
-44.97000122
-77.96340179
-40.3205986
-40.90470123
-45.02109909
-38.10919952
-90
-37.6719017
-44.30279922
-44.23500061
-41.5182991
-77.86740112
-44.72219849
-37.92060089
-39.00690079
-36.78779984
-35.7682991
-41.73809814
-39.96220016
34.20999908
34.94609833
34.39979935
34.565899
31.50580025
35.93080139
36.70690155
36.6651001
25.91839981
18.24040031
25.2852993
20.29610062
19.9843998
24.4499
16.90110016
26.30279922
31.412413
27.437901
27.03899956
21.34810066
27.9009
18.29730034
17.6114006
28.335199
24.06270027
29.62639999
28.07959938
30.90660095
26.72310066
24.70980072
17.46689987
29.78510094
28.3654
21.483001
27.86779976
31.692188
20.50429916
26.19860077
24.144199
30.37109947
30.7444
30.33760071
32.00239944
30.55620003
31.33740044
25.8757
28.94479942
27.82049942
26.52619934
26.53199959
27.379601
29.26029968
25.90889931
26.81030083
34.34590149
33.58660126
33.4353981
35.2458992
33.895302
32.75080109
32.62110138
32.29719925
37.323333
34.86920166
35.21160126
35.64479828
36.240101
35.77629852
35.77610016
27.21829987
28.7269001
30.27440071
29.08419991
26.75460052
30.29770088
29.55089951
32.89810181
36.50120163
37.49300003
36.16809845
33.6678009
36.90940094
36.66329956
36.90990067
36.63579941
28.89179993
27.67469978
30.70050049
38.32569885
37.66809845
36.77370071
31.9048996
31.09830093
25.44330025
29.47570038
27.23609924
31.82559967
31.97270012
29.61160088
28.93479919
29.34670067
34.58929825
33.85079956
24.42830086
24.26169968
24.24819946
24.283611
25.02680016
25.11219978
25.6135006
26.17099953
20.67539978
17.0387001
17.66600037
27.8465004
29.34810066
35.88660049
29.96100044
31.90940094
31.36499977
25.23329926
35.91880035
28.28420067
24.9065
31.52160072
31.49480057
33.05009842
34.3390007
32.56309891
27.33519936
24.89360046
33.86909866
30.20319939
26.2194
26.9545002
25.29050064
33.9939003
30.25139999
28.38389969
33.616699
30.75810051
34.08110046
33.84970093
35.33549881
24.87420082
27.72200012
26.47310066
32.04859924
34.81359863
28.64509964
25.9864006
31.35840034
33.78559875
33.33810043
33.94020081
36.305801
36.23759842
35.4695015
35.76720047
34.6731987
35.5617485
36.28310013
33.52389908
30.93580055
32.48199844
35.73220062
33.91899872
33.07730103
34.56909943
35.2854
55.511
37.02059937
34.5574
25.261101
25.11730003
13.17469978
12.8295002
14.55130005
14.78199959
16.19169998
14.75300026
14.66259956
15.47630024
12.63070011
15.96609974
13.68599987
61.594898
70.13400269
60.77980042
63.99449921
65.9815979
71.285402
66.91390228
61.41650009
55.20610046
64.301201
61.84529877
60.4917984
61.78030014
66.06960297
51.87799835
59.04470062
61.86429977
57.75
53.90010071
61.25099945
58.64640045
64.66570282
62.78609848
60.57310104
64.83750153
56.96139908
67.1063
64.73619843
62.1548996
63.76679993
58.4253006
62.18830109
65.69789886
59.24380112
59.64559937
61.52389908
58.1855011
66.97599792
59.75439835
65.99279785
58.35499954
58.67679977
68.13359833
55.35559845
55.57920074
68.87509918
62.95289993
61.21350098
60.37139893
61.58160019
64.54730225
55.04240036
62.646702
64.5121994
62.9612999
66.88469696
56.57830048
65.25370026
56.80170059
56.95909882
59.01139832
70.20999908
68.1147
64.72720337
63.68640137
70.19470215
55.31499863
66.249604
57.04710007
66.60009766
62.0605011
57.16730118
61.09740067
60.47570038
52.71229935
59.05279922
62.32049942
62.89440155
70.46730042
61.13389969
67.73619843
60.12689972
56.48429871
70.63800049
67.56610107
61.57170105
59.50329971
-2.76812005
66.57150269
-8.050000191
-7.496860027
14.17430019
15.119
13.584
14.99919987
22.02280045
21.5795002
21.48349953
20.79560089
20.96290016
21.3074
19.738783
21.97599983
21.1529007
20.00130081
21.45050049
20.78560066
20.8986
19.76009941
19.72139931
20.26530075
7.064760208
5.172754765
8.72012043
1.98616004
28.20170021
69.73290253
7.461870193
6.985099792
7.36731
5.35698
9.49891
19.28210068
22.78249931
22.67239952
24.85510063
26.1598
22.75499916
23.46179962
22.04109955
22.02700043
24.26469994
26.224199
22.9503994
24.81800079
23.56870079
22.79310036
22.70019913
25.06940079
24.0230999
36.16680145
36.18109894
24.7840004
33.66220093
34.63280106
34.3669014
35.51279831
42.73329926
41.77000046
42.79449844
43.04100037
43.88059998
43.57749939
43.117447
43.425154
42.89049911
45.40420151
33.74900055
33.93000031
34.28490067
44.30390167
43.67079926
42.07170105
45.24200058
33.8830986
30.38559914
32.66630173
30.60510063
31.87719917
32.08359909
33.47940063
33.84590149
33.14970016
32.83729935
32.91690063
31.36759949
33.68500137
28.43059921
27.42550087
28.32130051
27.83639908
35.25500107
36.14279938
35.39410019
34.75019836
36.39459991
36.18109894
36.64830017
37.29309845
34.81280136
34.43610001
34.75690079
35.41360092
34.03469849
35.49219894
34.143902
33.546101
33.82720184
35.53010178
34.132801
34.21419907
34.67639923
34.59629822
34.04529953
40.73469925
38.41189957
38.06019974
37.22740173
40.5564003
39.42860031
39.61560059
40.70320129
37.95589828
40.19189835
38.13970184
38.4048996
38.81219864
35.45460129
34.987099
35.67169952
33.11500168
35.84189987
35.39830017
35.7989006
34.7820015
34.07360077
36.5145
35.123173
34.84230042
37.753601
37.441201
38.061298
33.39960098
35.088591
35.59349823
36.96220016
37.444744
37.23939896
35.987955
37.03024
35.896872
36.630373
37.803
26.3635006
25.8465004
24.78280067
26.72200012
25.94470024
24.82670021
24.65390015
27.04400063
26.27429962
24.46689987
14.79440022
18.17810059
13.1575
20.722521
13.85540009
6.366819859
6.106440067
7.165239811
8.9515
8.195949554
8.601983499
9.253520012
6.05366993
5.046991
8.178509712
7.830731448
6.949091
6.058000088
9.755838326
9.072110176
6.922420025
16.37509918
14.12919998
12.36149979
13.20810032
13.5848999
20.4513
15.729309
16.59560013
17.64336768
13.5763998
13.36100006
16.92989922
11.228035
10.7764
12.07269955
9.333709717
11.9245
12.5024004
10.833017
12.369682
11.67940044
11.05799961
9.742119789
11.59770012
10.76599979
9.665442
12.31099987
12.12150002
60.08670044
56.643299
51.406917
51.53329849
51.366699
57.65499878
50.79220963
50.39670181
54.76660156
52.36830139
61.58666611
54.95833206
67.986664
66.97333527
54.6016655
57.299999
60.45833206
44.95999908
45.08000183
47.97000122
53.14500046
44.83000183
44.32500076
43.78499985
64.61799622
47.24645
56.31999969
53.715
46.396
48.667
43.907
47.2763
48.3085
55.611695
56.43669891
47.26169968
53.10829926
50.67742511
56.03920746
54.46829987
52.13965225
56.12329865
52.70062637
56.65999985
71.61669922
54.34000015
52.06999969
44.08330154
69.09670258
58.814999
57.05830002
54.28499985
51.84999847
52.91830063
51.01670074
52.33330154
61.2682991
54.375
51.62
54.29330063
51.48049927
57.72499847
65.05500031
57.73109818
67.46330261
58.625
51.83330154
56.25999832
54.22669983
-31.2969
-33.0103
-31.7948
-32.9036
-31.7117
-34.5592
-31.323601
-34.4532
-34.9722
-34.6099
-37.3905983
-38.975498
-32.83169937
-35.49359894
-34.588299
-28.59560013
-27.76555634
-29.38159943
-27.4966
-26.8409
-31.571501
-33.08509827
-31.94519997
-33.72990036
-33.27320099
-32.3201
-27.4455
-27.45
-26.2127
-25.737301
-29.6894
-30.2719
-27.3858
-24.8560009
-24.392799
-23.15279961
-22.6196003
-29.1058
-29.2103
-29.7706
-41.94319916
-45.7853
-42.90800095
-46.53829956
-43.2105
-40.8692
-42.7592
-50.2803
-47.7353
-53.7777
-51.6089
-54.8433
-49.3068
-46.537899
-50.0165
-38.725
-35.69620132
-38.3869
-36.5423
-37.9342
-38.949001
-38.4831
-35.8446
-36.588299
-41.151199
-37.23740005
-37.2354
-38.93970108
-40.075401
-8.348349571
-22.875099
-16.2292
-21.81200027
-10.98400021
-9.866389275
-21.1413002
-31.39049911
-19.8512001
-25.40509987
-21.2672
-20.58449936
-22.34499931
2.841388941
-15.86130047
-22.77099991
-25.00029945
-9.333939552
-20.46870041
-27.13419914
-7.320439816
-6.115277767
-28.72444344
-29.945928
-21.69829941
-19.01194382
-17.65229988
-29.19709969
-15.65289974
-7.599909782
-22.17510033
-3.038609982
-6.233160019
-25.60027885
-3.85493
-3.776279926
-10.78639984
-16.63199997
-22.79159927
-3.253910065
-3.12725997
-4.242340088
-14.81599998
-19.47069931
-5.53129
-21.79150009
-7.145833015
-26.22450066
-7.26992
-23.00740051
-27.78210068
-21.66399956
-23.33359909
-13.26210022
-5.368589878
-13.5491
-0.889839
-22.34300041
-23.4794445
-16.70689964
-22.19689941
-3.146039963
-9.510809898
0.050664
-5.201920032
-23.50909996
-5.81137991
-26.879999
-28.2817
-5.911419868
3.855489969
-29.99440002
-21.84300041
-28.243999
-10.29150009
-31.718399
-9.362409592
-10.71940041
-22.5496006
-16.438601
-8.709289551
-14.86279964
-9.868888855
-8.126489639
-22.91049957
-21.13638878
-22.9324
-23.22920036
-2.58536005
-29.711399
-2.424721956
-20.8166008
-23.92805672
-23.0401001
-1.489599943
-5.059939861
-3.382940054
-8.155260086
-24.31780052
2.22347
-4.255670071
-3.786010027
-0.14835
-9.40087986
-29.78219986
-18.883612
-19.76472282
-21.59009933
-12.69439983
-20.258057
-21.98460007
-21.513086
-18.348499
-27.26119995
-45.91609955
-22.14109993
-46.58330154
-22.49819946
-36.58250046
-53.002602
-45.59420013
-20.53520012
-26.31110001
-23.444501
-53.25370026
-54.93109894
-47.24380112
-36.772701
-27.16480064
-40.61119843
-28.59639931
-51.67150116
-38.9259
-26.33250046
-34.17369843
-29.916201
-38.76679993
-41.43889999
-35.37779999
-42.93280029
-38.24560165
-25.56430054
-39.65000153
-32.9496
15.81739998
-21.5130558
-1.212069988
-0.462886006
-2.88947
-2.15741992
-4.378230095
-2.299170017
-3.2689
-0.946078002
-1.041650057
-3.441986
-2.20499
-0.122956
0.809505999
-51.68569946
-25.23999977
-27.370554
-25.454516
-22.04999924
-26.881224
-22.16685914
4.07607
4.45278
0.505228
9.04554
7.1265
10.8896
6.20292
3.81963
7.92757
10.4424
3.54322
1.81442
7.96847
9.40092
9.33274
7.59647
7.02433
1.58919
4.27624
4.75818
2.57013
4.42161
0.861925
7.81196
11.2325
-4.19355
6.220549
9.28474
8.82374
1.25366
5.0296
2.95015
8.31506
6.18472
3.85353
4.81267
1.85777
2.4544
5.48361
1.39625
13.3569
5.87615
5.21256
6.16454
11.5262
2.57969
11.1196
12.5836
2.15217
5.54138
6.45108
0.7459
5.52448
7.06888
5.69076
4.08836
10.435
4.16787
5.31911
-22.77330017
-17.42110062
-11.04039955
-17.81159973
-16.51329994
-17.96260071
-19.54310036
-18.975301
-13.76220036
-19.00709915
-21.5557003
-14.81869984
-21.25519943
-21.96089935
5.452829838
2.00528
4.819809914
3.897599936
-10.72910023
-3.916860104
-11.41160011
-8.377940178
-9.149609566
-6.787479877
-13.15480042
-9.347439766
-6.067860126
-5.59248
-7.169099808
-11.78310013
-15.46710014
-7.139180183
-17.69499969
-3.55253005
-5.893770218
-9.878809929
-6.201809883
-3.784739971
-16.34110069
-8.081410408
-13.74489975
-6.508739948
-18.05330086
-12.61359978
-5.205749989
-4.576640129
-14.85400009
28.3797
26.4263
-25.1847
-34.7892
-33.35889816
-34.85509872
-31.43849945
9.553375244
9.430225372
8.615
10.18337536
10.04274654
10.24997807
8.122160912
7.625510216
8.924655914
6.231988907
10.17560291
10.66001415
11.4149437
10.28611088
10.45033264
6.733333111
7.083333015
10.48503304
7.233333111
10.57407761
9.02694416
11.78077507
9.906952858
8.239167213
10.55820847
8.582078
10.91260338
10.13316917
9.754529953
5.619989872
10.48050022
7.801320076
8.28853035
7.566669941
7.840829849
4.554999828
7.56538
10.2787
7.883319855
8.945146561
8.974550247
9.088994026
7.24938
10.14973259
8.624139
9.340477943
9.222027779
-7.22787
6.498549938
6.80628
3.37276
17.1367
13.07460022
15.33670044
15.547
14.5909996
18.09989929
17.90439987
15.86870003
12.00419998
18.33729935
17.70190048
38.51229858
37.46979904
18.45000076
18.49489975
18.30890083
18.45680046
18.25569916
18.00830078
17.31119919
17.20569992
14.0202
13.7332
37.66429901
12.5014
12.13099957
12.1889
17.49650002
-1.059722
18.2048
39.73885727
39.84389877
39.97662735
40.78620148
16.79140091
11.14970016
10.59539986
18.44479942
13.156695
12.98840046
12.699
12.88790035
12.60013485
22.70499992
32.36399841
51.08853531
45.31999969
45.16699982
46.880001
44.77999878
49.79499817
45.63999939
47.28499985
40.042899
46.8932991
53.329102
54.77470016
42.85359955
42.58792
40.60900116
42.85319901
42.36420059
47.708302
46.05500031
51.1507988
47.91859818
51.5909996
50.03659821
52.19499969
50.351295
43.8601
47.12189865
47.90499878
50.2458
53.20690155
40.59159851
39.90140152
40.27360153
40.40660095
40.73770142
39.18880081
40.826667
40.75040054
40.12210083
62.09329987
56.91389847
66.450859
62.103484
60.397499
64.55000305
63.88499832
63.75666809
65.959198
60.72060013
66.40039825
62.53469849
71.92790222
68.556602
67.4805
70.62310028
68.74060059
71.6977005
65.7485
43.104
40.88759995
41.45920181
41.64920044
41.62799835
41.37950134
39.82400131
42.17670059
41.61029816
42.85820007
48.45999908
50.42539978
48.4129982
50.60559845
49.23570251
50.4090004
48.92699814
64.734902
64.37809753
62.45700073
61.83499908
67.84500122
59.9109993
69.78330231
62.92078018
59.62329865
61.92166519
53.154999
59.4100647
59.08169937
53.16790009
46.88869858
43.39899826
52.026299
50.03310776
56.37060165
56.48770142
52.26800156
56.8567009
54.36920166
51.80780029
47.0760994
48.41740036
48.35720062
47.86700058
48.04330063
44.68899918
45.11500168
45.0929985
45.70090103
49.41559982
50.40194
50.60350037
50.158298
49.359699
48.88420105
49.8125
48.25930023
50.60710144
48.63430023
47.05789948
64.60030365
69.03166962
67.63999939
59.27360153
69.76329803
26.48
61.2358017
59.685001
59.3567009
68.78170013
57.961399
56.3810997
57.78390121
61.8852005
61.83194351
61.73609924
59.28250122
52.108299
52.52700043
55.12649918
54.88999939
53.09999847
53.60200119
53.105
53.95489883
53.74000168
53.36380005
51.96670151
55.09170151
55.27009964
61.67670059
58.4742012
61.589699
60.37329865
60.35969925
56.17699814
55.45491409
56.2682991
51.66939926
55.0923996
54.96699905
54.97499847
60.70940018
56.38029861
53.811401
73.51780701
80.803207
71.97810364
66.83999634
67.43720245
69.31109619
69.39690399
45.0021019
46.68
44.58209263
44.68
45.03469849
43.29809952
42.81679916
44.22510147
43.51290131
43.20510101
43.32229996
45.10919952
69.375
47.1983333
46.28329849
46.37390137
48.78250122
33.59790039
32.548984
48.258387
19.145168
-1.166666667
-2.166666667
55.305801
53.39310074
71.219167
66.59079742
63.92100143
61.0284996
62.110001
61.32662201
60.10329819
63.686901
56.8280983
58.50329971
65.48090363
66.06939697
60.94929886
57.91450119
62.19039917
61.10829926
63.18330002
61.34370041
56.7016983
57.1896019
55.47529984
40.063301
37.6194
41.761101
39.08330154
38.54330063
37.98809814
40.2154007
37.86640167
41.58430099
39.77500153
39.70050049
37.2867012
41.31269836
57.7969017
54.54999924
54.6446991
56.93939972
58.10419846
56.12670135
55.56000137
53.214199
56.8246994
55.511667
54.90499878
55.8783
50.64379883
51.75059891
52.70280075
51.81420135
52.93470001
52.80609894
55.22833252
63.56689835
66.05483246
63.82329941
65.12110138
66.00469971
65.03170013
67.48860168
65.43729401
61.64699936
56.23009872
54.63999939
55.56470108
56.70059967
56.09030151
66.79650116
54.2682991
54.40100098
51.79579926
51.07249832
53.11059952
54.1251297
51.85829926
51.56499863
54.83000183
53.71839905
53.22000122
24.503401
23.07719994
20.698999
19.86269951
21.9884
23.28779984
15.85929966
22.336201
23.28750038
21.75219917
20.43440056
15.36170006
22.72179985
23.17779922
22.46549988
23.1127
24.81719971
16.66469955
21.31710052
19.18330002
21.09219933
20.119101
18.58209991
21.64870071
17.013599
22.30920029
19.688611
17.62800026
21.1140995
24.61770058
8.30148983
7.70576
6.821990013
7.33776
8.04981
9.792329788
5.99368
8.538510323
13.09560013
12.25520039
13.72999954
13.53190041
26.69829941
28.1753006
23.88699913
26.68120003
25.70359993
20.24440002
23.83399963
23.6225
26.73970032
26.10610008
24.74430084
24.76000023
22.8132
26.73150063
24.30820084
24.91290092
23.84059906
27.2954998
27.48390007
25.88389969
26.11910057
23.47430038
25.59129906
23.31430054
22.256701
26.70910072
27.588301
22.8010006
21.45219994
22.24959946
24.15250015
23.18379974
24.43720055
25.75919914
24.96319962
22.43659973
27.15579987
25.44009972
30.36809921
28.07060051
25.45240021
31.87669945
30.27009964
28.42210007
30.67350006
26.404301
28.58449936
30.189699
32.1651001
26.29330063
29.17939949
26.25110054
26.8242
26.88870049
32.68909836
26.601473
25.16020012
30.85470009
34.13589859
26.76059914
32.233611
29.03339958
29.56060028
33.98709869
32.90219879
19.89730072
15.13210011
16.55660057
20.41839981
17.98830032
17.515
14.35000038
27.505685
26.70879936
28.10359955
28.20089912
27.3509
26.48150063
18.411501
10.82369995
12.94999981
15.16279984
17.90810013
16.53039932
11.02999973
14.51
9.152509689
17.62719917
17.4531002
11.918614
9.83450985
12.9612999
11.64120007
11.968
14.14929962
17.11039925
11.7833004
10.76539993
26.88456
27.40320015
-0.693342
6.744229794
1.85916996
0.488130987
3.470555556
14.10200024
14.87460041
12.27460003
12.67990017
19.30130005
18.27090073
18.80789948
18.13220024
19.95229912
16.6760006
12.63619995
15.27729988
16.69989967
17.23800087
16.78289986
16.89599991
9.132599831
6.519919872
10.71119976
8.539620399
8.09912014
7.186560154
6.785459995
9.547789574
8.471150398
9.777620316
6.933209896
7.508739948
17.38640022
17.19510078
14.86830044
16.46660042
17.43910027
15.22949982
14.94950008
15.25129986
16.11680031
17.38380051
12.66829968
20.81940079
9.177667
11.99820042
8.73183
10.08510017
21.39749908
11.75
21.04050064
16.4015007
13.955
14.00450039
10.1698
9.958029972
13.04959965
18.73760033
14.10389996
19.623501
20.74699974
21.3015995
19.42639923
10.04930019
19.69149971
22.97789955
12.43980026
25.38360023
20.88640022
23.09250069
20.51679993
25.35440063
20.89049911
27.32990074
20.94169998
20.13269997
18.46069908
20.48380089
-1.190019965
-3.36818
-4.528279781
-8.757322
-4.10251
-8.520290375
2.1555
3.326667
-0.484530985
3.683209896
-0.918542027
1.54926002
-1.416749954
2.04598999
0.831413984
-1.03892
-2.216559887
-5.66162014
-3.710259914
-2.920190096
-3.644520044
-2.532239914
-0.891833007
3.123850107
1.484699965
4.808300018
4.178979874
4.32201004
2.261600018
3.733890057
5.032249928
5.937210083
5.300680161
5.900899887
4.320159912
4.04832983
-5.240556
0.460786015
1.60919
-6.900629997
1.121029973
-6.266610146
-7.645060062
1.16638
1.4001
-0.874989
3.559167
-0.348868996
-1.816640019
3.90871
-0.150711
0.835578024
0.063619003
-3.8637
-2.898250103
-3.286070108
-0.352807999
-0.786917
5.069509983
5.522872024
2.041389942
2.818180084
6.189670086
5.465919971
6.16685009
3.77538991
4.537220001
4.567969799
1.64131
6.329730034
2.263360024
5.382639885
5.297140121
3.130579948
-9.303310394
-8.54640007
-8.489029884
1.344140053
1.425259948
1.360419989
1.38725996
1.416949987
42.346522
58.139545
68.866669
59.193031
50.2016983
54.824
52.297317
-34.94329834
-27.6406
-23.646099
-37.30939865
-30.52809906
-25.1861
-23.56529999
-23.80669975
-28.1644001
-24.42779922
-16.88579941
-26.41329956
-25.89749908
-32.00139999
-20.35810089
-24.34609985
-30.03919983
-36.55189896
-20.66390038
-26.6033
-21.17169952
-28.83390045
-37.88750076
-27.41139984
-22.91329956
-20.49500084
-23.38190079
-17.94470024
-34.62360001
-29.97389984
-33.40940094
-11.76920033
-19.25250053
-23.60309982
-24.90390015
-12.67860031
-27.558332
-24.880211
-31.53829956
-31.33250046
-29.04000092
-26.77499962
-20.66860008
-32.13059998
-33.70970154
-17.58139992
-15.44470024
-22.7730999
-28.03000069
-30.98329926
-13.761133
-36.30059814
-35.99470139
-36.18280029
-34.62390137
-33.84469986
-28.5916996
-17.37000084
-35.55939865
-41.16970062
-22.62220001
-36.15719986
-12.01939964
-23.56749916
-33.684399
-33.363602
-30.83810043
-18.18190002
-30.96109962
-28.796101
-29.75939941
-23.869699
-34.81029892
-29.67499924
-11.40250015
-13.97500038
-34.25080109
-34.53139877
-25.31889915
-10.58640003
-18.23390007
-37.64889908
-37.04750061
-35.71530151
-36.66970062
-29.88829994
-35.75139999
-39.87749863
-31.07439995
-15.48560047
-26.5807991
-35.71390152
-30.59830093
-28.87809944
-12.7869
-28.83029938
-29.45669937
-23.43420029
-27.84329987
-38.207199
-38.039398
-36.06779861
-17.06920052
-32.5625
-26.61170006
-37.7281
-36.90859985
-38.09889984
-12.05609989
-42.83610153
-34.22919846
-41.54529953
-37.97579956
-27.28639984
-28.11610031
-29.49889946
-22.05780029
-35.89780045
-37.74560165
-34.70220184
-30.31920052
-14.72280025
-32.21469879
-17.68409
-23.4178009
-33.38169861
-32.50690079
-23.17110062
-12.18830013
-12.41469955
-31.6678009
-34.70249939
-12.26939964
-33.23889923
-32.09749985
-20.71220016
-30.7894001
-33.13140106
-14.25
-15.77810001
-34.6053009
-22.23559952
-31.43580055
-38.31809998
-20.37779999
-14.52110004
-10.45059967
-26.61219978
-34.19639969
-26.54500008
-33.92440033
-30.32060051
-34.04029846
-32.21670151
-25.89389992
-36.42890167
-40.83499908
-11.42280006
-29.04159927
-34.94889832
-33.600601
-31.08390045
-35.16529846
-35.37580109
-37.07170105
-21.71500015
-34.42139816
-27.9864006
-29.4510994
-35.26279831
-24.4939003
-19.63439941
-31.8885994
32.560184
-25.41309929
-36.41579819
-33.05889893
-36.32109833
-30.03280067
-32.79499817
-26.62919998
-34.56110001
-31.73329926
-38.090827
-22.36359978
-33.93719864
-40.99890137
29.314
-34.25559998
34.281226
39.9608
41.1225
42.23500061
39.666389
39.49
43.4225
47.3106
36.52583333
45.487222
49.20500183
36.132629
37.683333
49.566667
40.56000137
38.28070068
43.556702
41.129722
43.91559982
40.926
47.865833
28.91889954
27.44111111
24.805
26.338661
23.552
22.006399
26.802
24.2075
21.214399
32.38940048
31.626
32.591667
30.55655
19.13824
39.224098
39.415699
39.745201
39.166801
40.16109848
36.4006
36.07888889
38.201984
38.481899
35.292778
39.856899
36.51520157
33.788
35.799702
34.376701
34.8105
36.5275
37.573125
46.25030136
46.37639999
46.16329956
48.85499954
46.66030121
48.13570023
43.59170151
47.95410156
49.66329956
23.273889
25.649401
27.7936
21.97389984
22.415833
26.68000031
24.4011
30.582199
32.84773333
28.86499977
32.882157
29.33860016
28.965799
25.67469978
28.56220055
31.78000069
36.26610184
24.7964
32.25788498
35.405033
31.2631
29.73329926
36.646702
37.18709946
31.3906
31.49440002
27.7019
34.059056
32.5634
27.8025
37.40169907
29.34469986
32.1
26.26055556
30.55360031
27.267066
29.323056
32.39110184
32.85333333
30.1575
26.972
29.29780006
27.81638
31.42810059
26.32217
29.30330086
26.609417
24.93805556
27.9890995
25.08638889
27.5895
41.262501
44.895
38.233611
46.804169
42.8414
41.69779968
48.2223
43.4318
38.281055
39.54290009
42.9117012
37.03850174
43.0308
41.105301
43.99620056
39.26666667
41.538101
48.445
48.199494
50.17162094
46.84339905
47.11
45.293
41.10139847
47.75205556
32.83638889
44.52410126
52.91277778
47.23960114
44.938114
42.25388889
42.88280106
40.542524
41.78440094
