147.2200012
-22.60560036
21.035801
0
-110.072021
0
117.63201
-113.5800018
-63.50859833
-75.66919708
-73.74079895
-123.1839981
-97.23989868
-114.0199966
-123.4260025
-52.75189972
-79.63059998
3.215409994
-1.51242
-0.166786
7.263169765
8.093
8.52462
3.321160078
2.18361
10.22719955
4.48443985
4.45382
5.443220139
13.5225
13.76720047
8.570556
7.684830189
9.988229752
7.142739773
6.76678
11.7861
11.078056
12.236389
9.221960068
13.2877
9.685079575
8.786669731
7.612239838
8.080499649
24.83279991
0
24.9633007
0
-6.215829849
-5.872499943
-1.748029947
-2.274950027
-1.010656357
-3.343329906
-2.71909
-2.849720001
-0.368333012
-1.842499971
-1.35679996
-0.190278
-0.461941
-1.660570025
-1.691669941
-1.328060031
-2.197779894
-4.433060169
-3.372499943
1.282780051
0.234999999
-3.413889885
0.56099999
0.486405998
-1.790030003
-1.58362
4.76389
5.374529839
-8.491109848
-6.27007
-8.92482
9.151780128
12.65600014
9.849243164
6.2044444
14.36530018
5.218140125
11.10039997
18.91889954
10.9239998
5.63778019
18.46619987
19.7848
19.08
20.6518
16.82629967
20.96710014
16.88579941
12.27980042
13.37619781
22.12199974
17.91860008
7.600279808
23.97109985
25.285801
18.60169983
22.378902
28.246
31.11972222
28.246
25.9182
57.683601
28.45260048
47.478802
13.2312
32.572601
55.521801
15.034
31.0928
17.4709
15.4446
-7.94994
-4.586792
0
-17.7556
-15.38659954
-16.57250023
-16.34149933
-13.1955
-10.3623
-7.589970112
-17.073333
-17.49020004
-15.9697222
0
-22.9494
38.79930115
31.40559959
33.79940033
32.7066
36.92779922
39.59420013
13.1590004
30.1395
31.60110092
32.55319977
39.202599
39.224899
32.443501
117.255556
0
-106.609001
-76.866997
-97.31880188
-81.96450043
-101.706001
-84.428101
-97.66989899
-82.54180145
-121.4369965
-93.66269684
-72.68319702
-122.302002
-68.82810211
-86.75350189
-108.5429993
-89.835197
-88.91590118
-86.67819977
-116.223
-71.00520325
-78.73220062
-76.668297
-81.11949921
-88.44380188
-85.20379639
-80.04049683
-91.71080017
-81.84980011
-80.94309998
-82.891899
-97.50119781
-81.59320068
-84.6678009
-103.3219986
-81.058098
-96.851799
-84.2193985
-90.70950317
-77.037697
-104.6729965
-97.038002
-100.778002
-92.19360352
-75.46600342
-93.6631012
-83.35340118
-99.854599
-117.884003
-97.91649628
-80.17386675
-74.16870117
-84.0483017
-80.152702
-94.36740112
-97.362396
-85.19509888
-117.5339966
-89.07009888
-88.12960052
-77.96060181
-79.93730164
-82.21890259
-86.15209961
-92.83899689
-106.1070023
-95.27890015
-86.77510071
-82.55799866
-77.45580292
-95.34140015
-97.433098
-86.294403
-90.07589722
-81.68789673
-73.77890015
-94.49829865
-115.1520004
-118.4079971
-101.822998
-82.927803
-84.60590363
-76.36049652
-91.98760223
-73.87259674
-92.22429657
-99.26670074
-112.3830032
-84.07959747
-82.52120209
-94.713898
-81.30899811
-87.752403
-89.97669983
-84.51629639
-86.39399719
-80.29060364
-87.89659882
-90.50749969
-92.03769684
-88.24279785
-89.33750153
-93.221802
-90.25800323
-115.872002
-122.221001
-97.60070038
-95.894096
-117.6009979
-87.9048
-76.20120239
-85.57540131
-80.09559631
-122.5979996
-76.49299622
-75.2410965
-112.012001
-89.69329834
-80.23290253
-70.30930328
-78.78749847
-89.09719849
-77.31970215
-98.27890015
-119.7679977
-79.975403
-77.67240143
-92.5
-81.75520325
-117.1900024
-98.46980286
-81.20210266
-86.31729889
-85.736
-122.308998
-81.23750305
-122.375
-93.38860321
-121.929001
-117.6559982
-111.9779968
-121.5910034
-117.8679962
-89.67790222
-98.491898
-82.55439758
-80.47059631
-90.370003
-90.65200043
-121.927002
-96.38439941
-76.10630035
-93.54789734
-122.4759979
-97.38659668
-84.35030365
-83.80780029
-82.53320313
-82.407401
-95.88809967
-110.9410019
-83.9940033
-120.5839996
-86.525398
-83.59190369
19.72060013
27.51519966
23.41143608
27.8251
33.62490082
32.4856987
32.9879
16.06879997
-0.558156013
2.07846
-3.56264
-4.499110222
2.738810062
-8.415140152
-0.715556026
1.36382
5.081111
5.221424103
7.215869904
2.6325
2.55
2.3794444
7.5291667
23.94449997
25.18029976
22.97089958
19.261093
16.760599
15.0664
13.091
9.05428
8.72811
9.70417
7.64963
8.8375
9.27674
11.2887
12.1944
10.8885
12.3519
12.5949
12.2388889
14.2908
10.3927
14.4576
14.26
34.88669968
34.93579865
14.4775
16.56970024
-7.965909958
-27.090799
-25.69790077
-8.681389809
-9.13592
18.3314991
26.085
6.108950138
8.54917
32.99509811
35.28039932
30.800501
37.47869873
28.8146
27.15699959
28.79249954
41.17020035
39.78969955
30.36840057
27.66430092
29.30920029
21.621401
20.3090992
19.2519
17.21269989
0
-68.36340332
-69.66889954
-90.527496
-76.78749847
-99.7539978
-103.310997
-111.0479965
-99.072098
-100.1070023
-105.2539978
-109.7210007
-116.9700012
-86.87709808
-79.38349915
-85.544403
-89.055702
-82.40910339
-81.43530273
-81.35769653
0
-77.46620178
-88.30819702
-159.8059998
0
-149.606995
174.7920074
172.5319977
174.8049927
50.63359833
49.79790115
50.15200043
39.156502
39.705101
46.69879913
51.15219879
51.31340027
59.64099884
52.58980179
46.23500061
35.99319839
47.96889877
35.48839951
57.634167
57.4875
54.65110016
55.36439896
55.161389
55.51720047
58.28440094
74.3638916
44.23460007
47.66210175
37.22439957
36.5155983
35.94869995
-147.8560028
-149.9960022
144.7960052
124.456496
121.745853
0
0
-157.924228
72.851613
0
51.608056
118.359001
120.3499985
121.233002
140.3860016
135.2440033
141.6920013
130.451004
130.7189941
136.8049927
138.1877518
135.4380035
139.779999
139.3480072
126.382814
126.6159973
126.4929962
128.9380035
126.4509964
127.029999
126.791
127.498741
127.6460037
127.767998
120.559998
121.019997
125.6460037
123.9789963
39.44499969
45.698601
128.445007
33.46390152
3
-58.5358
-48.47629929
-47.92083359
-43.9719429
-49.17580032
-48.55250168
-43.25055695
-46.47305679
-35.376111
-46.65638733
-38.32249832
-70.78579712
-78.615799
-78.3575
-74.1469
-63.135399
-77.114305
-71.938797
-56.0308
-64.692222
-66.991222
-61.531799
-66.00180054
10.438611
-63.10889816
28.751944
35.069381
77.04049683
71.46690369
74.4776001
73.33439636
50.04669952
44.39590073
44.95470047
135.1880035
30.8946991
33.97510147
36.29000092
30.67650032
30.26250076
28.03070068
92.493301
82.65070343
39.924722
39.9566
-84.375
0
0
60.80270004
58.361
69.28119659
38.150002
37.90629959
37.4146
37.26150131
49.27870178
49.13330078
55.87440109
50.16429901
72.86789703
73.83139801
79.88410187
81.124128
104.8440018
103.8130035
88.44670105
90.397783
113.915001
74.79730225
77.103104
113.592003
85.3591
77.706299
76.401901
75.95529938
78.42985535
80.16929626
76.92009735
73.52909851
100.6070023
100.7470016
98.96260071
98.316902
108.1989975
105.8069992
106.6520004
95.97789764
96.1332016
119.5540009
115.1669998
140.5160065
112.7870026
131.287
114.9280014
106.6559982
98.885278
101.7099991
103.994003
153.1170044
144.843002
0
138.531006
115.9670029
149.1950073
151.177002
116.5849991
111.823997
116.3880005
117.3460007
112.6279984
113.2990036
113.2200012
110.0390015
108.1719971
113.810997
113.8410034
114.208
110.4589996
109.4120026
108.751999
106.766998
102.9291667
0
118.1279984
119.663002
120.4339981
117.2160034
121.461998
118.8619995
121.8050003
121.3359985
120.851997
106.6419983
106.8010025
103.9469986
87.47419739
126.25
121.5390015
123.4830017
-158.6179962
0
160.0549927
157.2630005
102.35224
0
166.919006
0
0
152.566855
105.58858
154.6730042
144.970993
143.2079926
145.3919983
150.3339996
148.3090057
150.4049988
145.7709961
150.8079987
145.7890015
144.2960052
143.656998
147.423996
146.725977
152.3800049
141.3028
143.8950043
143.6690063
49.97680664
49.43148136
48.80631208
0
35.43830109
26.35219955
-52.78469849
-45.42599869
-51.67810059
-50.71160316
-68.70320129
-18.0727005
-14.40139961
-15.2272
-17.426001
-23.13529968
-21.94059944
-18.9167
-20.27890015
30.29669952
29.36000061
24.88400078
-88.40791321
-88.03250122
-88.04109955
-88.41190338
-88.23098755
-88.36151123
-88.8082962
-88.13079834
-87.9711
-88.19444275
35.4729
-123.87085
118.8119965
121.7659988
122.0179977
116.3213882
116.7083359
106.3932139
101.8820038
116.6179962
111.2289963
113.1429977
116.1259995
117.0680008
111.9660034
117.0950012
116.1080017
114.9300003
117.887001
103.9499969
99.168297
106.3590012
100.0250015
103.6419983
103.3339996
103.4649963
89.311401
103.8270035
100.7350006
101.79852
107.125
112.9580002
111.8099976
109.1610031
113.0699997
110.0090027
114.5999985
109.7259979
112.8919983
109.987999
115.459261
113.729631
113.4209976
110.1999969
114.7369995
106.9599991
113.9110031
118.875
116.9290009
118.788002
120.0240021
116.9209976
116.1179962
114.3389969
120.5910034
112.8909988
120.3919983
122.0230026
120.697998
117.5579987
117.2460022
118.5270004
119.439003
88.0858078
107.4720001
100.4800034
104.2180023
103.8359985
98.88420105
105.8600006
87.53220367
87.18810272
108.2659988
87.07859802
102.5670013
108.598999
114.6190033
92.80809784
109.2429962
100.6750031
119.7310028
122.1449966
117.6589966
119.3119965
118.8069992
120.2409973
120.6806107
119.4599991
119.177002
115.802002
115.9300003
115.9240036
121.5739975
121.4110031
115.5510025
125.197998
118.8420029
124.286003
99.78939819
121.6620026
124.7860031
126.6589966
123.9820023
126.8949966
118.6809998
123.439003
123.2990036
124.2919998
120.3590012
121.2389984
121.7610016
-79.875
33.724358
-91.82440186
-93.43969727
-73.6753006
-126.9160004
-84.50939941
-88.64279938
-69.99919891
-82.43190002
-64.85610199
-97.03250122
-96.01000214
-56.08309937
-125.775583
-89.808098
-68.20439911
-126.596001
-108.4810028
-110.744003
-70.99639893
-96.07779694
-125.2710037
-98.512199
-99.951897
-101.679001
-104.0080032
-97.018303
-114.3740005
-57.18529892
-57.04190063
-105.1380005
-74.56330109
-123.8698626
-81.508301
-117.6320038
-65.449203
-66.330299
-81.01360321
-115.143997
-119.2829971
-121.6269989
-97.76080322
-90.73110199
-68.51670074
-139.128006
-139.0410004
-120.5110016
-57.39139938
-132.4230042
-100.052002
-72.375
-61.68030167
-120.1829987
-79.92829895
-94.07080078
-82.56140137
-81.85810089
-102.9660034
-87.67610168
-116.4649963
-133.4830017
-78.249702
-81.69689941
-68.555801
-66.53720093
-69.09719849
-87.90779877
-74.77999878
-101.6819992
-113.6900024
-121.2369995
-59.18640137
-124.5179977
-81.71060181
-116.982002
-128.651001
-76.59690094
-77.70420074
-97.04329681
-94.49140167
-64.47859955
-86.93939972
-61.77809906
-81.81610107
-63.6114006
-77.76529694
-94.71060181
-82.90920258
-69.61779785
-92.74420166
-121.4980011
-83.68609619
-76.13559723
-117.8059998
-95.84970093
-79.93499756
-84.7589035
-60.22859955
-59.63669968
-137.5460052
-73.41690063
-115.7829971
-91.63860321
-65.78542471
-58.65829849
-77.9253006
-77.96669769
-94.6536026
-123.4690018
-73.28109741
-58.54999924
-120.4440002
-135.00599
-80.37860107
-71.92939758
-105.6179962
-66.80529785
-78.14859772
-78.75830078
-79.98139954
-109.1809998
-79.37000275
-69.59970093
-69.88330078
-83.34670258
-87.93419647
-108.5230026
-110.681998
-110.072998
-99.98529816
-62.2806015
-65.99279785
-119.3779984
-135.8679962
-67.45330048
-85.86060333
-55.84719849
-105.5589981
-70.22389984
-111.2220001
-80.60780334
-74.52809906
-76.51830292
-74.038696
-61.78919983
-78.83110046
-75.56359863
-97.84420013
-104.0820007
-77.80280304
-97.78029633
-110.6149979
-139.8390045
-110.2789993
-95.27890015
-117.1650009
-78.894997
-119.4079971
-80.83750153
-105.6729965
-124.07547
-61.36809921
-117.446999
-98.273817
-78.07689667
-90.21420288
-93.97329712
-64.28859711
-85.44329834
-78.36329651
-130.4450073
-124.5
-77.28690338
-111.1169968
-79.30329895
-71.393303
-101.0910034
-113.8939972
-82.95559692
-128.8220062
-66.08809662
-94.36309814
-112.8000031
-64.6785965
-86.6964035
-124.887001
-104.6660004
-81.1108017
-89.32389832
-118.8850021
-102.461998
-108.2440033
-54.56809998
-60.047798
-122.5100021
-117.3099976
-94.9693985
-69.58470154
-72.26560211
-93.79309845
-75.64610291
-76.02220154
-72.67939758
-93.55719757
-92.11579895
-118.1829987
-80.79889679
-71.69139862
-105.8410034
-70.714699
-75.94059753
-65.89029694
-79.24669647
-67.83470154
-111.961998
-79.17169952
-86.3443985
-94.85189819
-63.83359909
-125.2429962
-77.25170135
-76.52670288
-71.64189911
-97.86419678
-89.89689636
-69.95580292
-77.52809906
-81.37670136
-79.396202
-133.026001
-86.22470093
-81.2425
-78.83560181
-65.46029663
-105.262001
-100.9179993
-119.3310013
-64.03140259
-77.78279877
-68.42690277
-126.7979965
-81.107201
-94.06140137
-77.31919861
-123.435997
-66.86440277
-122.0540009
-87.37486839
-123.4369965
-115.7819977
-106.6999969
-110.7210007
-120.7399979
-68.49690247
-91.90529633
-92.59809875
-65.71360016
-140.8670044
-79.84734535
-122.6790009
-128.576009
-81.1539
-122.3610001
-135.0670013
-84.78669739
-79.422798
-127.1829987
-122.5970001
-119.6019974
-63.12110138
-93.5766983
-101.0759964
-107.6910019
-94.06500244
-60.42580032
-82.46749878
-88.90969849
-68.20809937
-79.46559906
-82.56780243
-114.4400024
-75.66719818
-114.7770004
-131.8139954
-82.30889893
-83.35939789
-127.3669968
-115.7870026
-66.26560211
-132.7429962
-64.91690063
-123.132004
-96.08920288
-119.228996
-123.012001
-95.61389923
-65.73889923
-72.74140167
-96.50969696
-78.52249908
-133.3760071
-107.1819992
-101.2659988
-134.8609924
-125.572998
-118.4309998
-94.07859802
-95.46579742
-98.0460968
-101.2360001
-81.67780304
-97.70780182
-91.76280212
-97.16419983
-132.125
-97.27419376
-92.1964035
-113.9970016
-91.31279755
-93.3443985
-98.90720367
-129.9824345
-92.08139801
-91.71779633
-101.4690018
-103.1719971
2.814169884
4.206389904
5.069920063
9.45244
2.87611
8.622650146
5.32449007
5.451079845
5.87361002
-0.242353007
0.626272
7.809174
6.620389938
8.12071991
6.308589935
3.311539888
1.463150024
-8.167099953
1.331769943
-0.532278001
-1.450000048
-0.621182978
-2.269860029
0.147141993
-0.186414003
5.738230228
2.859590054
3.79411006
6.140439987
2.512020111
6.088669777
2.928339958
6.776790142
0.276033014
5.412779808
9.64291
2.384350061
123.019722
-4.33096981
-0.863214016
-1.590819955
-2.328759909
-1.774760008
-3.926290035
-5.07366991
-6.473189831
-5.556660175
-7.587359905
-6.660820007
-5.365580082
5.301010132
6.665278
9.744
5.599500179
8.347200394
7.56196022
6.69611
3.978329897
4.493919849
7.206029892
8.869050026
7.320109844
13.08090019
8.61394
6.462259769
6.949590206
5.207190037
12.43039989
7.68581
7.126749992
5.265359879
8.000109673
8.98375988
8.876939774
10.75469971
9.79145
10.38210011
8.822500229
10.10330009
10.7755003
9.254619598
10.69099998
8.110560417
1.091249943
1.254510045
4.460279942
4.768330097
5.47
3.83100009
2.652780056
4.645830154
3.20472002
2.862220049
12.506389
14.15229988
11.626389
13.306
14.94999981
14.531944
10.95810032
7.109509945
8.645833
7.26389
8.514167
8.147222
10.47973
8.082969666
9.83555603
10.14527798
10.71920013
10.23950005
6.504444
8.616319656
6.142169952
10.931667
11.2831
9.511489868
11.7834
10.914233
11.64
11.85638905
8.522221565
7.827720165
9.783888817
12.148611
10.5561
9.384967
8.340470314
24.20849991
22.83069992
22.5095005
24.4727993
26.69039917
23.42429924
24.786686
25.0428009
30.073601
27.40530014
29.60750008
25.67830086
23.051399
24.58209991
27.69239998
22.39310074
23.14310074
29.23940086
24.84679985
27.79780006
28.144743
19.89819908
27.201799
25.35460091
21.79999924
25.83040047
28.94510078
22.8323
26.61910057
23.60440063
22.26280022
26.93840027
21.7621994
27.86860085
24.7252778
31.67889977
-7.651669979
-7.161109924
-1.479719996
-2.167220116
-1.079169989
-4.15034008
-1.747410059
-5.255710125
-3.43575
-2.638819933
-5.686389923
-2.772219896
-1.628059983
-4.961110115
-4.067830086
-5.67056
-6.291669846
-1.033499956
-4.995409966
-2.21472
-2.601969957
-2.195509911
-0.297222
0.032499999
0.055278
-0.776332974
-0.847500026
0.695555985
0.939167023
-2.809170008
-3.028609991
-0.350832999
-3.2675
-2.88306
-2.977780104
-4.623889923
-1.429409981
-2.549999952
-2.668040037
-4.535339832
-2.904999971
-1.295560002
-3.093060017
-4.047500134
-6.256669998
-4.586669922
-7.362780094
-1.296110034
-3.02583003
-6.331110001
-7.44306
-6.869170189
-3.560640097
-2.868439913
-3.339169979
0.175
-0.616666973
-1.320000052
-1.095829964
0.956264019
-0.107832998
-0.942825019
-2.30558
-0.418166995
-0.166014001
-1.420250058
-1.5354
-1.1955
0.772939026
-0.550832987
-0.476453
-1.252750039
-0.523810983
-1.382089973
-0.483242005
-0.561625004
0.550692
-58.44720078
5.601389885
5.77014
5.87306
5.855720043
6.579440117
4.931829929
4.780620098
5.52722
5.760560036
4.43722
6.889167
5.7077778
4.34203
-8.941590309
-8.340999603
-8.818490028
-9.523779869
-6.451330185
-8.599209785
-7.086959839
-6.48611021
10.61900043
8.5534
9.124629974
11.4401
10.33090019
12.13140011
14.75959969
9.791729927
10.2294
9.26702
9.172980309
8.705220222
9.33092
-7.277219772
8.353910446
6.119699955
16.14419937
23.37170029
12.21749973
29.69140053
29.034201
8.08537
18.54039955
14.9925
16.67810059
9.288060188
5.024720192
5.208360195
23.66860008
25.98360062
7.824520111
29.8913002
13.6093998
27.82670021
7.262499809
13.21490002
24.9734993
17.38669968
9.21222
9.604000092
6.074100018
14.30140018
11.14610004
11.34230042
10.785439
15.46560001
14.66919994
15.03341675
9.566940308
5.340849876
20.95940018
31.04490089
12.46889973
10.25860024
29.84469986
23.1325278
17.97769928
17.76329994
21.89360046
18.33060074
16.96640015
19.17910004
19.3980999
19.14559937
19.13419914
16.08279991
21.65589905
18.51720047
17.853901
21.21330071
22.0189991
14.90219975
15.82629967
20.9377
20.0977993
15.7986002
15.52569962
15.26500034
13.05319977
14.06869984
11.8704
13.97270012
12.34500027
12.71440029
14.49590015
14.5114
16.91220093
16.57119942
14.08549976
16.28759956
12.82019997
14.72799969
14.4229002
20.81459999
17.76889992
18.71619987
17.44389915
18.98999977
20.33679962
21.07690048
20.28280067
16.83359909
19.28190041
17.09910011
14.50030041
15.03800011
13.57890034
13.33740044
16.63360023
17.94169998
15.51519966
16.95140076
15.68050003
16.25060081
12.99129963
16.70840073
18.34620094
12.84710026
13.21249962
17.69659996
23.06889915
15.08279991
6.692500114
9.08217
10.02210045
7.387
9.286
9.91002
7.31533
9.958889
11.1001997
10.185827
11.94019985
11.83609962
8.658499718
8.342222
6.04242
9.53817
7.88867
12.27830029
6.65817
9.51633
7.667329788
9.42717
8.46339035
8.325400352
7.063330173
11.266944
13.1677
11.5340004
10.8612
11.2115
26.66500092
25.8925
21.09690094
23.2239
21.5442009
24.08480072
23.95639992
21.09390068
24.46080017
23.39500046
23.55809975
16.5333
18.81389999
27.27910042
26.30240059
30.97518
27.82589912
29.97979927
27.90889931
28.14010048
28.15119934
29.10619926
26.71800041
24.76519966
31.10560036
23.41139984
17.09399986
27.92609978
23.43910027
18.1602993
29.74970055
31.54459953
30.34300041
25.54800034
31.57670021
26.9090004
32.04430008
29.9769001
22.18899918
25.61730003
23.32872343
31.15539932
29.4843998
29.51980019
30.39870071
29.458615
27.08189964
26.88220024
32.09209824
27.27109909
19.90279961
17.93959999
29.17009926
17.96929932
22.9993
31.58869934
30.32929993
31.41650009
21.2602005
28.6733551
24.72879982
31.0583992
18.5447998
27.96080017
28.224199
28.22249985
18.49830055
27.47450066
24.69099998
25.16239929
23.43110085
26.115801
27.8288
15.25300026
15.91
15.95009995
16.03790092
12.6599
11.88659954
31.30750084
31.716944
18.51880074
15.78639984
9.805680275
8.708720207
-14.3937
63.361
0
72.411102
9.3605299
9.719479561
14.25739956
10.75080013
13.55920029
13.37010002
10.35459995
10.1225996
11.52350044
11.5532999
27.89389992
28.33069992
25.8227005
31.93659973
23.16230011
28.66489983
28.14990044
43.2719
43.76639938
44.43030167
45.28110123
55.51029968
55.42499924
45.45080185
49.81579971
49.39250183
44.31760025
49.29169846
49.7737999
49.62060165
50.32020187
47.76380157
46.35123253
48.31480026
44.48248386
49.68830109
50.17470169
50.00279999
47.9939003
46.95610046
47.11169815
48.02170181
48.35829926
43.37549973
43.72850037
14.24699974
13.40369987
12.18840027
13.4869
20.81850052
15.68379974
15.76049995
16.94739914
16.31240082
17.71980095
12.14680004
15.2876997
13.76550007
20.43190002
12.37180042
13.84749985
13.57499981
19.89769936
15.02779961
14.96529961
12.44130039
11.05669975
11.58139992
13.67310047
10.24569988
11.4932003
8.754380226
9.26268959
12.89089966
9.412280083
13.43799973
7.411739826
6.712150097
34.9076004
33.42900085
35.40850067
35.2663
39.56309891
40.35490036
39.28179932
40.52401352
36.86909866
33.64020157
35.31330109
1.485556
55.69139862
20.84429932
16.07139969
19.11109924
28.617901
31.5786
25.8390007
28.88500023
32.18450165
30.85910034
29.86190033
27.02099991
34.97399902
34.131901
33.89300156
33.78099823
35.26699829
34.01179886
27.55249977
14.97999954
18.12269974
18.1114006
15.24289989
17.92539978
15.9526
16.446699
19.71940041
17.73250008
14.6453
17.08040047
15.32750034
17.38170052
18.78560066
18.2887001
20.97529984
19.77129936
21.496901
25.33799934
27.5883007
30.2208004
24.79369926
28.80879974
29.2385006
25.91539955
27.53089905
25.50569916
29.25
25.25289917
22.46920013
23.56900024
-0.005456
-11.40439987
-4.079559803
-3.007580042
0
-0.75
-16.6522007
-13.86380005
-17.88710022
-13.6052
41.86349869
42.04549313
-2.956259966
-12.51889992
-11.76099968
-11.17660046
-11.04539967
-15.65369987
-10.75870037
-9.413069725
-11.16129971
-1.983055556
-4.97796011
-4.398330212
-5.515120029
-1.923990011
-11.6847
-6.75152
-15.932
-13.2192
-3.028209925
-8.036299706
-6.595880032
-6.909430027
100.301144
-3.839519978
-5.320020199
-5.916890144
-16.281799
-16.748
-16.05130005
-13.32279968
-16.46319962
-12.46829987
-12.22029972
-13.65310001
-13.04319954
-17.03000069
-13.612
-22.88890076
-23.21369934
-23.49349976
-24.28470039
-25.05529976
37.59049988
38.77280045
37.32160187
41.85419846
34.56309891
37.43399811
43.57860184
39.0059
42.9121
36.8166008
39.53350067
34.5862999
29.31850052
44.08879852
44.94110107
42.45920181
45.30469894
43.15950012
30.936001
30.5602
32.09529877
31.6014
28.46139908
33.83580017
31.01199913
29.94890022
31.36000061
29.69639969
31.61170006
31.01659966
30.91539955
34.129629
30.19120026
34.58369827
31.742778
27.22170067
32.24000168
34.0625
34.39500046
32.81999969
34.77809906
38.91070175
39.37009811
42.64500046
119.125
37.25310135
35.23889923
34.72890091
34.95859909
34.34820175
35.6086998
40.9131012
40.10169983
35.008057
36.81480026
37.041008
36.86230087
40.091599
21.83090019
23.11860085
11.89789963
0
16.59499931
10.14260006
23.31399918
20.26950073
13.27600002
21.96430016
14.47249985
19.57640076
9.715310097
29.25889969
28.90789986
30.43009949
32.500556
25.32460022
36.3288002
31.84333333
30.23270035
37.23410034
31.6522007
27.97500038
36.63330078
35.75260162
33.273981
35.7521019
37.07450104
35.81829834
40.18180084
32.93270111
39.81140137
39.07120132
18.942421
30.91699982
32.27180099
33.62279892
35.452801
137.031998
77.597645
41.43220139
40.58802414
39.74510193
39.599617
39.59955597
46.60277939
46.3822403
47.28979111
44.49370575
39.12361145
42.14213943
44.74694824
44.26320648
44.13388824
44.48277664
43.1823616
124.245
124.1175
108.8311111
-40.355418
-86.393799
-75.44080353
-99.68190002
-98.42179871
-84.19450378
-70.06020355
-97.23049927
-124.109
-74.57720184
-92.54979706
-79.93019867
-83.32630157
-81.46690369
-73.80169678
-98.02690125
-105.9909973
-90.04599762
-92.40029907
-105.866997
-118.288002
-85.8581
-82.70939636
-78.31999969
-104.848999
-81.77529907
-76.1688
-83.56030273
-91.883904
-76.021698
-106.8690033
-123.8789978
-97.15470123
-69.79730225
-89.62660217
-75.7233963
-95.3946991
-85.55210114
-72.715599
-85.89630127
-99.32389832
-112.1449966
-94.61219788
-73.12619781
-71.28900146
-78.64009857
-103.5960007
-119.0569992
-88.06809998
-75.97979736
-68.3615036
-106.3799973
-118.3639984
-100.7460022
-88.92440033
-105.1169968
-94.93370056
-117.8089981
-104.7519989
-81.6832962
-81.12419891
-81.20770264
-114.7170029
-122.538002
-86.61669922
-118.9550018
-110.1110001
-92.47049713
-94.02069855
-81.46649933
-94.13809967
-91.12550354
-97.42590332
-85.25150299
-112.4970016
-91.149597
-73.15329742
-118.3590012
-80.3914032
-70.91649628
-86.41970062
-89.94400024
-113.7720032
-116.6299973
-111.1529999
-81.44219971
-68.01789856
-92.6108017
-113.098999
-103.0950012
-100.288002
-124.2369995
-72.53479767
-86.52210236
-81.48639679
-89.57080078
-78.45290375
-84.47239685
-80.22810364
-96.36380005
-123.5
-88.27809906
-88.4890976
-104.2630005
-95.48509979
-109.0240021
-116.8199997
-80.61009979
-71.50229645
-104.700996
-92.21959686
-106.463997
-78.72389984
-81.51439667
-117.2799988
-84.93890381
-85.08499908
-112.3759995
-80.99520111
-123.2900009
-89.66680145
-95.414497
-104.8119965
133.668938
-77.18099976
-116.7870026
-79.33609772
-99.96559906
-88.86569977
-83.00990295
-85.44960022
-102.5469971
-102.802002
-121.1669998
-110.8830032
-107.7210007
-82.03939819
-88.24859619
-116.032997
-93.33989716
-100.927002
-109.6039963
-78.8986969
37.02690125
-120.2070007
-91.48429871
-76.17459869
-85.795414
-114.6230011
-72.27079773
-86.78279877
-95.15879822
-106.9179993
-86.52290344
-124.112999
-79.85710144
-115.7919998
-92.81330109
-76.89160156
-91.83070374
-106.3779984
-114.8420029
-114.0309982
-87.92780304
-92.29579926
-123.211998
-87.53240204
-111.0350037
-70.95690155
-77.04290009
-81.75959778
-76.6088028
-96.81580353
-119.7180023
-78.88030243
-78.93669891
-104.7570038
-83.66870117
-110.3440018
-79.86039734
-111.6709976
-79.72389984
-76.75939941
-108.2300034
-81.86329651
-83.74359894
-94.19259644
-95.66359711
-80.36830139
-73.41339874
-96.76450348
-96.74189758
-98.40219879
-102.9160004
-85.9720993
-84.52140045
-80.17070007
-94.17009735
72.977798
-105.5390015
-100.723999
-112.1470032
-104.8069992
-97.176102
-73.61029816
-94.71150208
-106.614998
-108.5270004
-101.6989975
-90.98560333
-94.86039734
-82.34999847
-82.27179718
-72.04509735
-114.2559967
-122.5810013
-98.30960083
-97.8289032
-85.52279663
-75.71949768
-111.3710022
-88.59140015
-108.7890015
-101.5080032
-90.08470154
-87.41280365
-89.25279999
-99.051313
-72.6493988
-77.72949982
-118.334999
-111.973086
-122.949997
-81.38950348
-80.64630127
-111.9830017
-97.71450043
-103.2170029
-98.22850037
-87.49620056
-93.09619904
-73.70760345
-123.9369965
-97.65440369
-93.15470123
-86.68930054
-80.38359833
-86.68479919
-87.307602
-67.792099
-97.86060333
-72.88680267
-109.762001
-70.28040314
-97.862999
-91.44429779
-99.27320099
-97.26820374
-78.94619751
-112.070999
-87.84629822
-75.60649872
-77.90260315
-83.792099
-103.2009964
-93.40309906
-80.22200012
-110.7229996
-115.5790024
-76.9210968
-92.54489899
-81.43710327
-103.6419983
-77.6088028
-73.10019684
-76.45839691
-111.6549988
-110.737999
-90.64640045
-99.7634964
-79.25800323
-83.31729889
-98.67819977
-78.83390045
-84.45939636
-122.8980026
-86.93689728
-82.018602
-84.58740234
-105.6750031
-98.41660309
-79.40480042
-100.6839981
-100.9599991
-79.05940247
-95.46209717
-93.22329712
-72.30419922
-81.80870056
-94.75
-118.1520004
-111.8519974
-91.75099945
-121.733002
-108.7300034
-96.75920105
-76.2960968
-118.5650024
-85.66369629
-84.0848999
-99.46160126
-92.14969635
-106.9219971
-91.256699
-84.99130249
-115.0339966
-84.41860199
-110.447998
-105.1419983
-80.39949799
-71.12339783
-117.0149994
-109.4670029
-79.20040131
-102.2020035
-100.4079971
-90.47190094
-121.401001
-120.5139999
-100.5920029
-83.64920044
-93.33129883
-89.2519989
-76.76339722
-88.75189972
-120.5680008
-82.51660156
-98.23860168
-122.8730011
-79.91629791
-96.67079926
-121.2979965
-71.435699
-101.358002
-85.39589691
-75.072197
-94.59279633
-88.915604
-80.64530182
-95.783501
-105.8860016
-80.80130005
-74.41490173
-123.1360016
-120.9540024
-101.2799988
-72.56230164
-86.52010345
-77.98459625
-121.8430023
-87.61019897
-114.0910034
-74.84559631
-82.836919
-81.051399
-107.8939972
-76.413803
-76.56939697
-119.3199997
-86.365799
-116.1009979
-78.92829895
-121.5699997
-80.72319794
-90.03500366
-77.43969727
-87.02300262
-74.353302
-90.02829742
-117.3550034
-118.7009964
-97.4414978
-97.29109955
-76.289299
-76.411797
-69.93859863
-117.6920013
-81.680603
-115.671996
-76.88069916
-117.1429977
-119.9520035
-88.55560303
-87.31860352
-89.8703
-97.80970001
-81.68890381
-81.42469788
-87.02189636
-119.1210022
-76.033501
-122.049004
-122.655998
-116.1620026
-77.30529785
-114.6060028
-117.2149963
-77.61209869
-95.91249847
-97.43509674
-80.85949707
-112.012001
-105.5749969
-122.9029999
-110.848
-97.34259796
-124.057999
-80.278397
-71.41210175
-71.8757019
-88.55699921
-83.072998
-124.2460022
-92.44789886
-87.16680145
-71.17289734
-119.2070007
-85.71340179
125.777321
125.110159
126.606003
125.790453
125.963997
127.611694
129.647555
128.151001
127.264252
128.720584
125.019093
125.821309
126.586618
-122.2819977
-88.77380371
-91.9356
-73.4681015
-84.30200195
-118.8410034
-111.447998
-77.38529968
-89.33709717
-82.68740082
-112.5960007
-100.2860031
-81.43920135
-84.79669952
-118.0849991
-109.8069992
-97.09980011
-75.010597
-87.18659973
-79.01450348
-93.1917038
-73.88420105
-68.0447998
-120.6269989
-112.4199982
-95.45079803
-119.1190033
-70.82330322
-116.5070038
-83.42009735
-117.110001
-71.42040253
-111.7229996
-87.901494
-122.7649994
-117.4449997
-103.0569992
-122.2519989
-103.1039963
-122.2929993
-75.96520233
-121.1500015
-97.40119934
-89.46749878
-107.726997
-117.259003
-108.4599991
-109.065001
-75.40699768
-85.15799713
-92.5381012
-104.5309982
-98.8117981
-72.94960022
-95.98459625
-95.08229828
-77.89189911
-107.1999969
-84.59860229
-121.4929962
-106.0889969
-87.395401
-119.8399963
-117.2350006
-120.6419983
-75.51029968
-73.92890167
-121.237999
-116.9800034
-104.193001
-117.322998
-83.84020233
-81.339798
-95.65650177
-113.510306
-106.9800034
-93.8256
-100.4960022
-98.58110046
-123.0029984
-118.052002
-74.20619965
-97.65219879
-84.61589813
-113.8809967
-120.4570007
-121.6060028
-102.9850006
-100.6490021
-105.5350037
-98.47109985
-81.39129639
-94.05989838
-94.90969849
-93.05999756
-122.8130035
-114.2959976
-92.47940063
-81.14569855
-74.10479736
-97.08570099
-92.14070129
-103.6029968
-87.61139679
-107.2720032
-74.06079865
-122.5780029
-80.79920197
-80.43280029
-86.012101
-95.62249756
-117.086998
-97.40779877
-120.1399994
-116.1600037
-122.401001
-74.81349945
-80.69450378
-88.76989746
-85.5821991
-119.9950027
-114.487999
-93.99099731
-95.40239716
-122.7699966
-91.19460297
-123.2009964
-77.84870148
-89.53679657
-95.58719635
-83.19300079
-96.91850281
-109.5100021
-115.1940002
-83.27670288
-118.4899979
-90.25340271
-87.00710297
-80.417901
-100.5479965
-78.56009674
-118.2190018
-117.8059998
-74.59169769
-107.9509964
-74.90830231
-99.5226667
41.29750061
-111.1179962
-80.56659698
-94.306801
-115.810997
-83.53040314
-120.5439987
-97.3859024
-80.67910004
78.4469986
63.210773
78.54000092
81.30999756
79.19000244
-81.89209747
20.41589928
19.90189934
19.4741993
25.71290016
25.5898
23.27249908
24.8508
24.7140007
24.5028
28.18129921
33.49610138
18.26819992
18.81019974
13.9222002
14.5703001
16.67970085
16.29800034
15.3467
-1.863520026
-2.370100021
-6.034619808
-4.848879814
-2.910609961
-3.62076
-6.82133007
-8.37726
-3.78514
0.535023
0.073333
-3.63568997
2.760550022
-3.777359962
-3.723829985
1.37311995
-6.060110092
-0.812389016
-5.655560017
4.218649864
-5.615940094
-1.646329999
-1.23032
1.167170048
-6.349460125
-5.501989841
-1.790609956
-1.2183
-3.445869923
-0.481625
-4.851940155
-2.7244699
-8.62677002
-3.820009947
-1.04155004
-5.893109798
1.954759955
3.02958
1.620589972
3.46126008
2.387074
0.590556026
-1.125
0.518611014
1.367499948
-0.317499995
-1.195279956
0.306665987
2.363960028
1.179440022
-0.5075
-0.394529
-0.41861099
-0.006439
0.221456006
0.81555599
-1.5311111
1.475280046
1.10315001
-1.11083
2.113059998
2.28918004
2.482670069
-0.972500026
1.378039956
0.601667
-0.134722
-0.983056009
-2.391109943
7.35901022
4.89342
5.435061
5.46905
4.372192
3.7628901
6.251319885
-0.312222
9.483730316
8.7930556
9.097780228
8.802920341
9.406000137
3.49710989
5.88022995
3.169169903
2.370280027
4.817629814
6.268390179
4.79577
4.013259888
4.00138998
6.1063889
5.329370022
4.9699
3.403739929
2.421940088
1.721111
4.944270134
6.387139797
6.95348
4.296390057
4.92384
2.306319952
4.8667202
2.87067008
5.785190105
4.14212
3.963010073
3.353899956
4.901830196
5.109250069
3.53282
2.112780094
1.37662
-0.115142
1.219859958
0.088055998
1.831891
1.760560036
4.206111111
1.174800038
1.20884
0.727605999
-0.87706399
-0.742986023
2.441390038
2.519140005
2.671119928
2.106189966
2.040833
2.1916667
4.0167
5.67222023
3.113329887
4.033120155
7.205
3.086886
2.642240047
4.647079945
6.20392
-4.418540001
-1.470280051
-2.079960108
-2.346390009
-1.564170003
0.154305995
-3.440000057
-1.378630042
-4.151639938
-0.449999988
-4.445020199
0.201666996
-1.734789968
-3.47166
-4.167789936
-1.610730052
-2.85444
-3.815779924
-2.71855998
-2.1566667
5.09
6.06998
4.899419785
6.79054
6.230460167
5.954999924
7.628230095
6.36416667
6.146029949
4.416349888
-56.38029861
-56.17309952
5.32844
21.292601
25.95630074
22.79430008
23.55599976
26.1406002
20.82250023
20.50049973
22.02549934
27.0916996
27.14599991
19.9116993
24.61919975
21.84079933
25.34810066
26.59830093
20.76530075
28.08620071
21.4256
24.14970016
23.50370026
26.9116993
25.47929955
26.10129929
23.565001
20.8843
21.61529922
19.74920082
18.240996
17.813601
17.159084
20.2355
17.91749954
18.98080063
15.7181
17.0802
15.535
17.4032
18.133301
14.1811
17.947001
16.9333
16.2423
14.607182
12.6181
11.9689
13.3133
15.6516
12.488
14.9224
11.1242
8.29077
8.97248
9.51763
9.68298
8.62513
8.10278
8.417935
8.45603
8.888233
7.60337
8.12743
8.66922
10.2964
8.78639
9.723322
7.36872
7.62322
12.596503
11.3264
12.3072
13.0493
12.0701
10.2677
10.3306
13.4722
12.6117
12.0829
11.8479
13.3623
11.255
9.98795
12.4452
12.7408
14.9113
10.2394
12.909
14.0819
11.2051
11.0719
12.4989
12.0642
12.5132
15.5302
15.68610001
13.61499977
15.3817997
14.54360008
17.43969917
12.91499996
13.27460003
18.11109924
16.12490082
15.73859978
17.40469933
16.69440079
14.3958
34.82180023
35.011416
34.96009827
35.04309845
35.57189941
35.3885994
35.01229858
35.17950058
34.66669846
34.78219986
16.26009941
15.43959999
11.344
14.3377
14.1875
13.00430012
14.7442
-9.0301
-25.17060089
-6.70713
-7.9324
-8.445139885
-7.44111
-8.470815
-9.35523
-7.88964
-31.13139915
-28.02980042
-28.71590042
-16.7745
-8.8875
-9.03592
-8.96278
-8.64592
-28.44129944
-8.58396
-16.35000038
-28.17580032
-8.056542
-9.33955
-8.36458
-8.516209
-7.72047
-7.88899
17.29750061
17.84589958
18.72480011
27.430901
27.7267
26.9786
21.26199913
26.9102993
23.46999931
26.10210037
28.48830032
23.68619919
22.25329971
23.8859005
23.8885994
27.62059975
21.90250015
24.09129906
22.88570023
26.35409927
28.71430016
24.41250038
21.33790016
6.792840004
7.326759815
8.28417
8.648229599
8.305184
9.064829826
6.915060043
8.910579681
7.497149944
7.41719
9.560770035
9.884110451
32.68859863
32.56560135
35.42589951
30.60110092
32.561901
38.0909996
35.49539948
31.36529922
36.36740875
29.70129967
27.9260006
27.97769928
26.42679977
30.58209991
27.01009941
30.08329964
29.56259918
27.83390045
27.91909981
29.21649933
30.5194
39.29140091
40.20100021
39.52700043
43.11500168
38.8470993
43.33229828
41.11660004
41.66120148
41.8404007
36.95352173
43.02597809
38.46889877
40.63169861
38.895592
42.0582
44.2381
36.28222275
27.01379967
32.300598
27.777222
28.21279907
28.26370049
28.93099976
29.59059906
22.713611
20.7423
-5.34965992
14.272
20.2575
21.853701
18.72330093
21.24110031
17.11840057
17.82839966
19.13409996
17.99230003
20.24110031
18.6135006
-71.14230347
-71.939598
-72.26589966
-71.52850342
-71.12039948
-71.64479828
-69.74199677
-69.98560333
-68.91179657
-70.56999969
-69.76170349
-70.60469818
-90.40670013
-88.583801
-90.44529724
-91.69730377
-90.83580017
-89.86640167
-86.852997
-87.923599
-85.906601
-86.523003
-87.621201
-87.4758
-87.21720123
-85.938202
-76.96900177
-77.91339874
-76.53450012
-76.82379913
-100.237
-102.318001
-96.262604
-99.26129913
-91.7990036
-107.4749985
-88.32679749
-109.8330002
-90.50029755
-106.4290009
-88.44619751
-105.9649963
-98.95649719
-100.887001
-86.92559814
-111.6149979
-104.5279999
-104.843002
-110.9250031
-103.577002
-100.9290009
-95.093697
-96.79750061
-102.2210007
-109.0810013
-101.481003
-110.3619995
-111.3479996
-97.52529907
-89.65769959
-115.241997
-101.0250015
-94.58070374
-101.470001
-106.2659988
-99.57050323
-96.72660065
-97.46080017
-98.37139893
-100.535004
-102.0390015
-97.089103
-100.185997
-98.2285
-109.936996
-100.9309998
-93.173301
-103.4110031
-93.02249908
-97.86589813
-99.56600189
-92.37000275
-92.81739807
-96.18730164
-102.6869965
-101.4609985
-104.5589981
-83.77410126
-86.16819763
-83.38670349
-82.25080109
-80.40969849
-82.515062
-82.43499756
-79.86740112
-79.55560303
-80.94529724
-83.6095
-83.330171
-83.58560181
-82.96859741
-83.18219757
-83.79699707
-84.70610046
-83.02200317
-85.65299988
-84.20880127
-83.30000305
-83.46859741
-84.13980103
-84.12979889
-82.95890045
-85.016197
-89.11990356
-73.78829956
-72.194702
-72.51850128
-74.17030334
-72.29250336
-72.84860229
-74.5062027
-76.62139893
-78.78959656
-78.32839966
-80.41419983
-81.54599762
-77.84750366
-75.83540344
-75.20709991
-75.15830231
-76.31510162
-81.3015976
-83.64189911
-74.92220306
-77.08920288
-81.92089844
-82.78379822
-82.57939911
-83.67839813
-79.94360352
-84.15200043
-82.95510101
-79.99720001
-76.93579865
-79.88279724
-80.088826
-77.68460083
-77.79560089
-77.589798
-77.083503
-78.0490036
-73.97090149
-77.39129639
-77.88089752
-77.840103
-79.26470184
-75.673797
-75.452301
-74.18240356
-75.87799835
-75.78170013
-76.6835022
-76.33100128
-76.82019806
-76.17688179
-76.43910217
-78.69560242
-73.66690063
-75.09359741
-74.905889
-75.268621
-73.013494
-75.72949982
-74.52400208
127.602222
177.4429932
178.5590057
179.3399963
-175.1499939
-174.3410034
-173.9620056
10.89638889
5.81778
179.195999
173.1470032
174.776001
-169.9255981
4.790039
100.7593
-178.0659943
-176.1990051
0
-172.0079956
-169.425003
-170.7100067
-151.3609924
-149.5240021
-145.5099945
-140.8869934
-148.2310028
-136.4400024
-145.6569977
-146.0700073
-134.8899994
-146.8849945
-143.6580048
-138.8130035
-145.2460022
-146.6170044
-148.7169952
-146.2570038
-145.0249939
-140.2290039
-139.0110016
-151.7510071
-147.6609955
-151.0220032
-149.761993
-140.9459991
-152.2440033
-151.466003
167.5870056
167.2200012
168.3200073
169.223999
167.8040009
163.6609955
164.8370056
167.4559937
164.2559967
167.2400055
166.4730072
168.0379944
165.2590027
166.572998
166.2129974
176.0839996
174.9730072
-176.4570007
170.197998
177.9779968
170.128006
170.9850006
175.3320007
166.4689941
173.9120026
173.2850037
169.3730011
170.1329956
167.6499939
175.6340027
174.1790009
176.869995
173.220993
168.3130035
175.3880005
171.0820007
166.5249939
175.6170044
174.9889984
168.7389984
176.3170013
0
176.1959991
171.2250061
170.1179962
173.8699951
167.0570068
169.2460022
176.9140015
177.4069977
174.6300049
174.3650055
171.5809937
175.0249939
62.22829819
69.26499939
70.49859619
69.212303
65.84780121
64.7609024
67.20970154
68.91079712
50.59059906
42.65660095
49.48519897
41.63430023
42.6208992
44.121201
42.58580017
43.7743988
37.278898
41.686298
49.40510178
39.17300034
45.528198
42.80350113
44.4192009
46.125099
47.58050156
43.49060059
48.61100006
41.13819885
50.03079987
46.72520065
47.12139893
40.09999847
36.6189
40.543442
48.76910019
38.731544
45.19960022
36.47639847
38.0634
48.22829819
49.6772
50.82799912
49.270401
49.15190125
48.76200104
55.033001
50.83459854
52.35219955
53.98020172
54.82479858
52.737701
50.32389832
54.53939819
53.35630035
47.15810013
46.40480042
48.28290176
47.00920105
51.577
51.86130142
51.6969986
50.84220123
49.617778
48.55250168
48.65340042
51.38069916
50.0471
50.88100052
50.8266983
56.37779999
57.67029953
56.9510994
58.45000076
55.90240097
56.05110168
55.67269897
59.26610184
61.06489944
57.30820084
57.59519958
56.8927002
54.40129852
51.46469879
50.67959976
53.1935997
53.72330093
54.38330078
51.54510117
48.42440033
45.06869888
48.3594017
54.2765007
61.54389954
60.38209915
60.90620041
60.72000122
36.7820015
35.99160004
35.01810074
47.79190063
47.52080154
36.01129913
35.98770142
54.45809937
55.60919952
54.54769897
52.580278
55.36619949
56.32400131
55.93880081
56.24060059
58.89049911
54.09130096
54.02460098
65.16000366
71.71800232
71.80059814
70.48590088
70.89659882
72.99479675
62.32949829
74.33360291
68.4496994
67.160797
74.4036026
74.34619904
73.63839722
73.50859833
71.5707016
68.14309692
66.938797
72.40090179
71.4190979
68.390099
64.13249969
63.3451004
71.51460266
66.93779755
70.27960205
73.099197
72.28250122
71.97260284
73.79810333
75.53600311
67.11849976
68.79170227
67.71720123
72.66500092
72.35279846
69.17690277
63.03020096
69.46360016
42.44120026
43.5970993
44.36159897
43.1474
43.96319962
44.34889984
43.12509918
43.54299927
45.31673813
42.40299988
44.25669861
46.09009933
45.75709915
37.10419846
36.86660004
36.55820847
36.57279968
40.175999
37.507
41.19139862
38.316898
51.565102
51.31499863
44.76509857
45.02880096
46.82619858
45.7201004
52.17499924
42.97629929
49.375
44.21969986
53.90579987
48.78829956
44.13909912
-149.08901
-143.5820007
-161.8379974
-145.7220001
-161.1490021
-156.766008
-151.529007
-149.5070038
-162.7250061
-149.119995
-165.5709991
-145.4779968
-166.0390015
-162.7660065
-176.6459961
-158.5050049
-162.026001
-152.4940033
-166.5440063
-149.8070068
-162.0630035
-147.102005
-164.4909973
-151.2449951
-147.6139984
-133.9100037
-157.856989
-156.9369965
-145.4570007
-171.7330017
-135.7070007
-159.7749939
-156.3509979
-135.5240021
-151.477005
-166.1470032
-157.375
-160.4369965
-154.9109955
-153.7039948
-134.576004
-156.6490021
-151.7429962
-131.7140045
-133.076004
-166.1100006
-155.6060028
-149.8439941
-166.2709961
-159.5429993
-149.0740051
-131.5720062
-160.190994
-165.4450073
-141.9290009
-162.598999
-169.6620026
-166.8589935
-132.9450073
-158.6329956
-161.8200073
-151.0059967
-145.578995
-155.4700012
-170.4929962
-148.4649963
-160.522995
-166.089112
-135.3619995
-159.9859924
-163.302002
-170.2200012
-155.5740051
-151.0339966
174.1139984
-160.3970032
-150.0939941
-155.977005
-157.4360046
-146.2480011
-164.5630035
-149.4190063
-132.3699951
-159.9949951
-162.9750061
-149.5399933
-139.6600037
-171.7100067
-145.25
142.9329987
144.8199005
145.2429962
145.729004
144.929998
145.6190033
-159.7850037
-158.1970062
-158.0399933
-156.0140076
-156.6730042
-158.070009
-156.045603
-159.3390045
-157.095993
-155.6679993
-157.7680054
-156.951004
-156.429993
-155.5540009
-155.0480042
-155.8600006
171.2720032
-59.49148178
167.7319946
-157.3500061
-177.3809967
-163.0050049
151.8430023
158.2089996
134.544236
162.957993
138.082993
166.6360016
120.2630005
120.461998
121.237999
119.958
121.1019974
120.3929977
120.7300034
121.5350037
120.6210022
120.002998
120.2060013
120.939003
119.6279984
121.1819992
120.4820023
121.552002
121.6179962
137.9230042
140.4149933
141.322998
135.3639984
135.223999
132.4140015
134.7870026
143.2169952
140.8220062
141.6660004
144.1929932
144.1640015
144.9600067
141.38134
144.741354
143.1580048
141.8009949
129.7850037
131.279007
129.3309937
143.404007
142.4470062
139.4329987
141.1860046
130.6529999
130.6589966
128.8329926
130.9909973
131.4490051
131.451004
131.7369995
131.0350037
130.302002
130.8549957
129.9140015
130.8450012
131.0399933
129.7129974
128.701004
129.9279938
128.8809967
136.923996
136.223999
136.8699951
137.7030029
136.4069977
133.3249969
137.1880035
136.9620056
138.2980042
132.9190063
133.8549957
132.8899994
131.548996
133.2359924
132.235992
133.669006
132.6999969
134.1670074
134.606995
134.0160065
131.7899933
135.6029968
131.052002
140.6909943
140.3710022
138.4140015
140.4309998
141.4660034
141.1349945
140.2189941
141.3679962
139.1210022
140.3710022
140.9170074
141.2200012
139.7870026
139.4499969
139.828995
139.5279999
139.7859955
139.4109955
139.9100037
140.0110016
139.3600006
139.5599976
139.87101
126.805444
127.6169968
128.943915
127.963858
128.669006
126.711998
128.071747
129.352005
127.0309982
127.112718
127.0070038
129.420383
127.886353
128.65531
128.34971
-1.125
126.7139969
131.2630005
125.2949982
127.7850037
131.3269959
125.1449966
124.6750031
128.4019928
127.7559967
122.9779968
120.2710037
120.5319977
123.735
121.809969
120.1050034
124.7509995
125.2350006
124.2099991
125.4788
126.3219986
123.3418751
124.7070007
121.0110016
119.742996
123.8420029
123.4611797
126.27368
125.0960007
125.4809475
126.1709976
122.0599976
120.6200027
122.9800034
121.0469971
120.6050034
123.2699966
121.980003
121.500034
120.3030014
121.7331505
124.2060013
121.8259964
121.7529984
125.027761
123.014999
124.5449982
123.3000031
121.954002
124.6360016
122.493358
123.630095
122.3759995
124.5650024
118.7590027
122.7519989
121.9329987
123.853533
122.0849991
120.0999985
30.19330025
32.313301
109.900091
43.29999924
42.178299
34.09999847
40.6061554
116.3470001
20.39699936
104.1829987
50.52000046
43.3116684
75.099998
30.34499931
21.78166771
28.4333
28.74666786
38
38.9469986
43.72000122
50.70999908
44.01300049
132.5449982
44.59999847
30.68700027
38.8403
43.79999924
33.34
47.893
45.732
131.923
39.6377
46.2365
36.650002
61.98669815
142.7680054
50.09830093
106.1385727
63.68199539
36.07329941
46.96938705
95.66329956
41.3741684
48.03329849
52.47829819
32.47330093
113.4300003
133.8679962
32.40829849
28.0133
40.9817009
45.16830063
107.737999
40.36500168
115.4329987
116.8330002
63.13830185
61.35329819
39.14
158.1519928
46.21500015
36.65169907
56.6733017
40.05500031
64.30670166
31.38500023
41.54999924
34.40829849
34.37170029
-57.9966
-58.6131
-60.4804
-60.785
-60.8117
-58.4156
-64.208
-58.5896
-57.8947
-58.6126
-68.90419769
-70.113602
-68.79290009
-69.57430267
-68.4039
-65.75170136
-64.30999756
-66.79579926
-64.93595
-65.104897
-68.418198
-64.26129913
-65.14630127
-65.38739777
-66.35639954
-63.22663
-58.7619
-59.0561
-58.2281
-54.4734
-57.1521
-57.6402
-55.9707
-65.48619843
-65.097801
-64.32920074
-63.79370117
-59.2189
-59.68
-57.9789
-71.53230286
-67.4655
-71.13950348
-68.96530151
-65.2703
-63.0004
-65.1027
-72.053101
-65.9041
-67.7494
-69.3126
-68.2958
-67.8026
-70.978699
-68.5792
-62.1693
-63.75830078
-60.3297
-56.7218
-57.5733
-68.155701
-58.8172
-61.8576
-64.275703
-71.157501
-59.22790146
-57.0292
-69.26460266
-71.137299
-49.30149841
-43.384701
-48.964298
-48.13299942
-37.07030106
-56.10499954
-50.42470169
-54.11220169
-43.95059967
-49.23199844
-43.761101
-48.59410095
-49.05379868
-60.6922226
-52.38890076
-41.96289825
-53.50080109
-54.9654007
-54.67250061
-52.65660095
-47.45869827
-50.00138855
-49.42139053
-51.144413
-41.30170059
-57.67139053
-39.25310135
-51.1875
-56.11669922
-72.76950073
-51.42459869
-60.04970169
-57.77690125
-54.48500061
-32.423302
-38.5326004
-65.28479767
-49.22069931
-45.20479965
-52.25400162
-58.48120117
-56.0007019
-39.03319931
-42.48759842
-47.459999
-43.38679886
-34.94861221
-48.79740143
-35.8964
-47.1344986
-50.28150177
-49.73049927
-51.13010025
-43.40810013
-49.13800049
-48.195301
-52.6022
-41.76599884
-52.01222229
-43.81890106
-49.92639923
-59.98630142
-35.79169846
-51.07220078
-37.36429977
-46.63779831
-61.27830124
-48.651402
-54.169102
-35.24769974
-51.7969017
-51.17139816
-46.56790161
-52.326599
-48.35699844
-52.327702
-40.56909943
-48.39970016
-55.70259857
-39.080898
-63.90230179
-40.86309814
-67.89805603
-34.92359924
-43.1631012
-47.77666855
-43.719101
-45.86149979
-44.23410034
-53.688202
-54.78583145
-49.40650177
-46.29972076
-45.51599884
-56.39680099
-42.82350159
-64.72409821
-70.78330231
-50.65159988
-55.946098
-69.93579865
-49.72029877
-66.9855
-38.25059891
-57.03820038
-48.225277
-47.96611023
-45.47330093
-60.09830093
-40.286388
-47.33480072
-43.173069
-70.338699
-70.77919769
-71.6894989
-70.06289673
-71.68740082
-68.9036026
-72.03140259
-70.854599
-72.10610199
-70.1812973
-69.76519775
-70.445099
-70.31919861
-67.626297
-72.58840179
-73.063103
-109.4219971
-73.06099701
-70.7559967
-72.52839661
-72.6515
-70.6072998
-70.77570343
-71.199501
-72.63710022
-73.09400177
-71.60169983
-72.69909668
-72.34860229
-70.37590027
-73.08609772
-71.4786
32.51599884
-43.17305756
-78.57460022
-76.98680115
-78.984398
-79.88359833
-79.94100189
-78.1207962
-79.961601
-80.67880249
-80.47219849
-79.996957
-80.988899
-76.33779907
-77.70809937
-57.77759933
-57.52000046
-56.854064
-54.842682
-60.61999893
-58.318026
-49.05028667
-73.5627
-75.7664
-76.5008
-73.9749
-73.1848
-74.7808
-77.3947
-76.9898
-72.5115
-75.513
-76.3816
-78.7492
-75.1985
-75.6913
-75.2856
-74.8089
-73.8068
-75.5644
-74.7967
-75.9557
-77.8986
-75.1333
-77.6718
-76.7164
-72.4901
-69.9432
-75.590582
-74.8461
-75.8258
-70.2339
-75.4647
-75.294
-73.3583
-67.4932
-67.9062
-75.7395
-76.0857
-76.6093
-74.6574
-77.2915
-81.3583
-71.8866
-74.8836
-75.4231
-72.926
-72.6394
-74.2306
-81.7112
-74.7663
-73.3445
-71.7603
-75.234
-68.6856
-70.7369
-76.6412
-76.2351
-73.2495
-73.6138
-72.384
-64.31289673
-66.17710114
-68.78299713
-63.17150116
-68.19229889
-67.07620239
-65.72370148
-57.820599
-65.43520355
-65.28869629
-64.70130157
-64.91799927
-63.4056015
-63.65169907
-55.18780136
44.986599
-52.36040115
-51.80410004
-73.76650238
-70.5082016
-69.48870087
-74.57430267
-78.52380371
-79.82810211
-74.20439911
-77.5983963
-77.16000366
-78.774002
-76.72859955
-75.4733963
-70.15820313
-78.48940277
-71.34400177
-80.38140106
-76.11820221
-76.20480347
-77.85610199
-73.30879974
-71.58309937
-79.1088028
-76.22029877
-76.37319946
-70.27580261
-69.22859955
-80.61640167
-81.25409698
-74.96150208
117.9643
117.8336
-50.1441
-56.264702
-56.49919891
-55.09429932
-57.98529816
-69.23786926
-64.47072601
-70.21416667
-67.55731964
-69.35861969
-67.64942169
-63.53695679
-66.16280365
-67.41709137
-62.85443115
-70.06521606
-63.2616806
-69.68090057
-66.8161087
-64.13047028
-61.58333206
-69.53333282
-66.84351349
-70.80000305
-62.31266785
-69.75514984
-70.15149689
-67.37963867
-72.27102661
-71.7278595
-71.161041
-63.96659851
-66.78782654
-63.1473999
-67.60610199
-68.07299805
-72.20290375
-62.76039886
-70.1832962
-72.43969727
-61.15000153
-72.035103
-68.755203
-67.44400024
-64.1510849
-71.94325256
-62.09417343
-61.52893
-67.92839813
-71.672668
-70.58406067
-65.99358368
-48.240501
-58.2541008
-58.1059
-59.789398
-61.792702
-59.49250031
-61.39220047
-61.299999
-61.00320053
-63.04719925
-62.84360123
-61.27000046
-61.78620148
-64.9733963
-64.79859924
68.67250061
69.38079834
-66.6753006
-67.12940216
-65.66190338
-66.09809875
-67.14849854
-66.56300354
-62.71870041
-62.58990097
-60.992901
-60.952599
61.82699966
-70.015198
-68.26850128
-68.959801
-62.97940063
-77.583333
-63.055099
32.37863922
30.96800041
43.87664795
26.60630035
-62.19329834
-60.8321991
-61.33720016
-64.54299927
-61.149945
-61.26200104
-61.3424
-61.18019867
-61.41194534
120.2809982
-64.67870331
31.87099457
34.09999847
35.18299866
35.305
33.56999969
30.03000069
28.67000008
35.70999908
70.83784
75.00499725
69.594597
69.18389893
71.3035965
76.713046
72.79329681
74.84649658
69.47889709
67.733299
63.25
51.54309845
80.45279694
75.21499634
82.49420166
77.07389832
80.234398
51.091999
51.82139969
59.61999893
57.206699
63.5503006
49.55739975
46.78699875
48.16360092
50.20019913
46.31760025
45.45840073
47.7125
43.85929871
44.46500015
129.7709961
124.9140015
143.261551
129.545288
120.471001
143.1150055
122.7770004
121.6933365
111.5465012
114.8259964
112.0299988
114.0390015
114.0800018
146.231506
153.7364
147.9019928
161.3379974
128.9029999
150.8889
40.5793
45.95700073
44.78319931
44.93640137
45.03079987
46.36729813
45.67399979
42.48260117
41.59970093
41.12810135
132.6600037
127.4120026
135.4149933
137.0809937
140.1931
136.9340057
140.0339966
177.740997
-173.2429962
155.7449951
160.5480042
166.1399994
150.7200012
170.5970001
152.4227753
150.9219971
159.2299957
140.649994
143.0565033
159.8880005
158.4539948
142.7180023
132.147995
113.306
118.061142
101.697998
104.1060028
104.3889999
105.7300034
113.4789963
107.4380035
37.44960022
39.37409973
35.1006012
35.31570053
33.20999908
33.57099915
33.97700119
33.59500122
34.41889954
31.99530029
30.45194
30.19190025
28.7383
26.933399
24.68610001
23.95610046
25.98080063
26.14159966
22.26339912
31.9197998
40.71670151
33.41833115
53.12189865
38.01580048
61.5564003
38.12888889
46.69749832
30.338301
30.0366993
32.75080109
31.384399
30.60810089
28.39559937
34.15470123
34.29555511
30.67359924
39.94440079
23.8981
31.01670074
30.34959984
20.59259987
26.04999924
24.05380058
29.205
30.0951004
91.38500214
83.53849792
85.83329773
82.90670013
86.10720062
96.35500336
92.11250305
89.994003
93.01170349
102.3239975
92.54000092
89.17388153
90.57080078
94.40059662
83.00450134
73.3105011
73.55500031
77.66000366
85.20829773
86.877197
80.37966919
47.663586
102.4909973
88.40333557
86.62190247
87.3321991
88.35368347
37.34730148
38.21
38.01248074
40.035
39.17050171
45.78409958
47.65230179
43.08190155
43.63660049
44.60660172
45.01259995
42.1128006
86.15666962
38.8491667
48.00630188
44.33089828
44.34550095
-84.14440155
-114.511383
-103.748797
-16.875
3.166666667
-2.166666667
61.5033
58.75569916
72.052222
66.61100006
65.03050232
69.08609772
65.614998
63.60191345
64.8266983
66.698601
53.45750046
49.34830093
72.69889832
76.52030182
76.4835968
56.02119827
74.53379822
72.65000153
75.26999664
73.40180206
60.79000092
65.32430267
65.41560364
53.007198
61.896702
59.826698
63.61330032
68.82499695
69.80500031
69.69470215
68.86470032
60.64170074
64.48329926
66.9838028
67.30999756
69.3914032
41.01940155
36.3666687
39.57040024
40.94079971
38.9294014
40.31499863
37.98500061
34.176399
35.75770187
37.507222
39.02666855
38.061699
36.59009933
36.29560089
39.53779984
39.229599
36.00220108
41.48279953
36.60833359
53.80469894
60.11032104
57.27999878
57.13079834
57.36719894
53.97000122
63.99309921
52.20033646
50.8451004
43.7840004
52.80170059
52.09249878
47.90470123
47.34730148
123.3610001
48.22669983
48.80270004
55.45669937
58.59560013
45.02109909
45.21225739
47.74560165
46.04669952
56.16830063
52.37189865
50.32500076
81.220299
72.63469696
77.058601
75.39810181
82.111
69.67019653
74.61830139
73.226303
77.33740234
72.18520355
72.84320068
75.0848999
75.80110168
80.05200195
70.01260376
70.100304
79.91860199
74.28939819
70.270401
77.3167038
79.04720306
73.912903
73.91970062
69.65720367
73.327797
70.77950287
74.378889
75.93479919
72.7417984
73.89610291
80.42790222
81.678802
79.88619995
81.62594
80.9814
80.07009888
80.32029724
81.18190002
103.223999
104.564003
106.9869995
106.0149994
89.36910248
94.80200195
91.24040222
88.32859802
91.97869873
85.81780243
86.4253006
87.243
83.4496994
91.58589935
84.95120239
93.896698
86.1688
94.17549896
92.00720215
92.97869873
92.61969757
94.09760284
95.01689911
93.77110291
85.31369781
87.42749786
85.08799744
85.32170105
84.814598
92.78469849
93.828102
90.30120087
91.96389771
91.81330109
89.04940033
89.16079712
88.61650085
88.9088974
91.8667984
114.0800018
77.96089935
81.73390198
76.8167038
73.2071991
82.85929871
77.15440369
74.75579834
79.45079803
76.78849792
80.410103
77.20580292
78.180298
76.26339722
78.22779846
75.75530243
73.04889679
75.812202
70.86499786
74.83740234
74.814147
75.84559631
75.95259857
77.54650116
80.88929749
75.634444
79.47370148
75.00610352
74.77420044
75.15619659
102.1610031
105.7809982
104.7600021
104.0670013
102.5630035
106.590556
108.0169983
83.416293
85.92240143
81.66699982
83.98210144
87.69525
87.26399994
76.464699
72.1760025
77.66819763
76.88279724
77.48709869
80.79679871
77.04340363
78.772778
92.81960297
78.40339661
78.46759796
75.547211
78.09339905
74.89009857
92.72969818
79.812
77.79109955
81.81819916
78.06559753
78.70970154
90.46412
89.42459869
73.155602
73.17050171
73.52189636
72.99690247
72.83583333
99.91719818
100.663002
102.3190002
101.0049973
97.97579956
99.5042038
100.7829971
100.1650009
99.88289642
101.1949997
99.95149994
100.2959976
98.54509735
99.81819916
100.2789993
99.25330353
99.13559723
101.7429962
99.36170197
99.94470215
98.98619843
100.6080017
101.1539993
100.0619965
99.95559692
98.58550262
100.3929977
99.61660004
102.788002
104.1190033
103.4980011
102.7839966
101.7220001
103.2529984
102.3130035
104.8700027
103.7740021
104.6429977
108.1200027
106.7249985
105.177778
109.2190018
106.633003
105.711998
103.0080032
108.366997
105.8860016
107.7030029
109.042
108.0169983
103.9931
105.1323795
109.3339996
105.6709976
98.20359802
96.200996
96.79199982
99.63600159
93.53479767
98.53800201
97.21479797
97.75219727
98.62149811
97.35189819
95.89279175
96.64530182
99.25679779
97.29519653
97.73590088
97.42630005
95.91449738
92.87259674
94.30010223
99.93540192
136.1080017
135.496002
136.8869934
116.276675
138.957001
140.4179993
117.431999
117.569444
117.1569977
125.5279999
119.9100037
124.9260025
120.6579971
128.3249969
127.3809967
122.772003
115.435997
132.7310028
128.0890045
132.2669983
133.6959991
133.4389954
134.048996
113.0199966
110.3470001
115.0100021
114.3290024
113.9869995
111.9850006
115.4789963
118.3239975
116.0510025
115.25
118.0589981
118.1279984
114.8050003
105.175556
101.4449997
101.433998
107.5759964
104.1190033
106.8909988
109.0339966
97.704697
99.430496
100.351997
98.671111
111.7480011
109.9629974
108.388
109.4039993
112.9369965
111.4729996
102.338997
104.6999969
103.8799973
102.3349991
100.280998
97.25920105
95.42063713
103.3069992
104.1600037
100.3980026
100.3909988
102.2929993
103.2089996
103.427002
101.0920029
103.669998
99.72869873
102.2519989
103.1029968
100.2770004
101.5490036
125.2870026
125.526001
126.401001
104.0090027
103.8130035
103.9100037
103.7089996
103.8679962
21.19432
30.33042
33.716667
39.129411
45.20830154
32.025
43.7241
117.8089981
152.712006
146.584
142.9889984
151.6170044
130.975998
145.3070068
133.9019928
153.5050049
145.4290009
145.7550049
146.2619934
139.3480072
141.4720001
148.9519959
139.4600067
145.9519958
146.0070038
139.4889984
153.091003
149.1799927
153.5619965
147.5679932
151.7350006
139.8999939
148.552002
150.4750061
122.2320023
143.5780029
146.8170013
149.6519928
130.6199951
146.7649994
148.8070068
152.3190002
141.9250031
151.793335
113.67174
145.7940063
149.2669983
134.720993
150.6170044
140.5039978
133.7100067
136.5050049
123.8280029
145.1840057
147.6210022
145.621994
148.3760071
143.113311
148.973999
146.3569946
147.8880005
148.0279999
148.6490021
148.2169952
123.6610031
144.9459991
146.4299927
148.3639984
144.7619934
135.5709991
148.1790009
121.822998
147.934998
128.1150055
125.5589981
150.2510071
114.707001
153.0299988
151.223007
149.7259979
151.6889954
130.4219971
136.4600067
146.0670013
144.8300018
152.8800049
142.2899933
127.6699982
142.0650024
147.3339996
142.3600006
142.1730042
151.1439972
143.9389954
143.878006
152.7700043
141.7510071
151.8410034
137.5209961
138.4259949
121.3150024
143.304993
153.2599945
147.9839935
144.2799988
120.7030029
146.470001
144.468994
146.9579926
145.4190063
149.6109924
118.5479965
144.901993
149.901001
147.1490021
134.2339935
147.5099945
142.0859985
147.2140045
145.102005
120.5550003
117.8420029
149.8450012
148.0769959
150.1439972
140.7850037
146.5119934
149.8269959
134.746994
148.2250061
141.069664
119.8030014
149.1329956
137.7169952
117.7450027
96.83390045
130.8769989
116.0149994
138.6210022
136.8179932
137.9949951
115.8809967
116.7730026
121.461998
148.2389984
129.529007
128.7079926
135.8800049
114.0889969
152.8630066
141.470993
118.6259995
132.378006
105.6900024
144.253006
140.673996
148.7749939
150.9880066
153.1159973
150.6869965
148.5749969
113.5770035
145.3930054
145.0839996
130.654007
167.9389954
150.5370026
150.781006
150.8470001
147.4660034
143.5330048
142.7409973
122.2289963
147.5119934
143.8110046
142.0579987
148.2409973
150.576004
134.1829987
152.5140076
119.717141
142.6670074
146.3070068
137.5140076
142.4190063
148.1260071
151.8339996
120.2210007
150.7890015
147.8029938
146.965335
143.0859985
147.1909943
145.7310028
113.278
148.2480011
35.680096
116.257004
118.073889
118.9079971
119.058889
109.8613889
112.096667
119.9117
114.4255556
119.407222
119.8249969
111.641236
111.142778
117.33
109.9970016
114.6969986
122.199997
113.108056
115.9639969
107.7428
122.767503
111.6399994
109.7
107.6997
111.610043
116.5033
113.375999
110.642
109.390999
110.358002
111.6949997
110.34
110.907778
111.479988
110.454775
125.669998
125.894997
127.473999
127.486
94.80919647
94.786102
106.2169444
90.841495
106.009003
116.346667
98.3414
103.6200027
105.797
107.602997
109.120003
102.6447
102.042999
105.154454
102.802002
96.22109985
100.7040024
103.4759979
113.2850037
114.6460037
104.4300003
91.62819672
100.098999
99.373611
100.319
99.6772
100.7600021
99.786389
100.2460022
98.5317
117.050003
117.3202444
115.9000015
115.734364
117.1760025
118.899002
116.7470016
121.4290009
117.2979965
120.3740005
118.589996
120.5016556
119.324403
120.401001
118.2559967
119.119003
122.2289963
118.408997
120.4290009
118.000999
117.555278
119.7198
114.3062
121.3720016
120.0319977
80.05305556
105.8733333
97.10829926
105.472097
100.053333
105.7020035
103.6822222
101.734722
107.988
90.91190338
106.33268
104.7409973
109.1499
94.33529663
104.979
98.48583333
102.1839981
104.9594444
107.0007
80.291702
82.3
85.465556
89.512006
93.669197
86.12889862
86.9959
83.3786
77.075192
76.01999664
90.24749756
79.86489868
89.0987
122.853996
125.6849976
122.6669444
120.434998
126.133
134.366447
127.3088837
130.4649963
132.660278
131.193
121.0619965
129.019125
97.03638889
129.5690002
122.43
123.9179993
124.550178
125.7033333
129.451004
122.3586
123.4960022
